27840.00000000 2.960299e+02 -9.866895e-01
27656.05715200 2.960037e+02 -9.866012e-01
24161.14303500 2.954306e+02 -9.846670e-01
20230.54545200 2.945520e+02 -9.816952e-01
16506.41700400 2.933384e+02 -9.775780e-01
13256.06887900 2.917307e+02 -9.721017e-01
10539.58809000 2.896416e+02 -9.649472e-01
8343.33410860 2.869831e+02 -9.557806e-01
6585.26278160 2.836182e+02 -9.440775e-01
5201.54961640 2.794352e+02 -9.293725e-01
4107.27057920 2.742346e+02 -9.108478e-01
3253.60825290 2.679079e+02 -8.879507e-01
2580.46713950 2.602130e+02 -8.595723e-01
2055.98286540 2.510928e+02 -8.252023e-01
1643.08066320 2.403615e+02 -7.837934e-01
1320.00604500 2.280680e+02 -7.352128e-01
1066.42225370 2.143006e+02 -6.797121e-01
865.81760222 1.992083e+02 -6.183776e-01
707.80735092 1.832951e+02 -5.550047e-01
582.42647571 1.670762e+02 -4.956555e-01
481.62274188 1.511037e+02 -4.500617e-01
400.11657177 1.361652e+02 -4.332102e-01
333.35416042 1.230141e+02 -4.634737e-01
277.60392995 1.123572e+02 -5.575431e-01
230.01363289 1.048598e+02 -7.158426e-01
188.16567113 1.009126e+02 -8.938693e-01
162.08586695 8.158570e+01 8.799894e+00
156.14343717 3.879881e+01 3.021941e+01
152.03576830 1.421636e+01 4.159323e+01
149.86153216 7.533576e+00 4.425221e+01
148.37724963 4.778041e+00 4.513812e+01
147.07551631 3.176028e+00 4.550209e+01
145.87902767 2.171125e+00 4.560204e+01
144.72835862 1.501288e+00 4.555071e+01
143.60260635 1.044298e+00 4.540271e+01
142.49285402 7.291643e-01 4.519062e+01
141.39171853 5.100644e-01 4.493476e+01
140.29655696 3.572573e-01 4.464895e+01
139.25482785 2.545047e-01 4.435672e+01
139.20000000 2.500000e-01 4.434091e+01
