 Output format date:         10-Nov-2009         
 Completion of Model:        18-Nov-2020 16:53:25
 Program Date:               05-May-2017 
 ND:                            40
 NC:                            15
 NP:                            55
 NCF:                         76627
 Mdot(Msun/yr):               2.94000E-05
 L(Lsun):                     8.42000E+05
 H/He abundance:              1.00000E+00
 Was T fixed?:               F
 Species naming convention:  K_FOR_I
 Radius (10^10 cm)
   2.7840000000E+04  2.7656057152E+04  2.4161143035E+04  2.0230545452E+04  1.6506417004E+04  1.3256068879E+04  1.0539588090E+04  8.3433341086E+03
   6.5852627816E+03  5.2015496164E+03  4.1072705792E+03  3.2536082529E+03  2.5804671395E+03  2.0559828654E+03  1.6430806632E+03  1.3200060450E+03
   1.0664222537E+03  8.6581760222E+02  7.0780735092E+02  5.8242647571E+02  4.8162274188E+02  4.0011657177E+02  3.3335416042E+02  2.7760392995E+02
   2.3001363289E+02  1.8816567113E+02  1.6208586695E+02  1.5614343717E+02  1.5203576830E+02  1.4986153216E+02  1.4837724963E+02  1.4707551631E+02
   1.4587902767E+02  1.4472835862E+02  1.4360260635E+02  1.4249285402E+02  1.4139171853E+02  1.4029655696E+02  1.3925482785E+02  1.3920000000E+02
 Velocity (km/s)
   2.9602990012E+02  2.9600369416E+02  2.9543062509E+02  2.9455200485E+02  2.9333839436E+02  2.9173071700E+02  2.8964160605E+02  2.8698314423E+02
   2.8361818066E+02  2.7943516331E+02  2.7423455540E+02  2.6790789531E+02  2.6021304888E+02  2.5109277786E+02  2.4036148622E+02  2.2806798799E+02
   2.1430061948E+02  1.9920830046E+02  1.8329512814E+02  1.6707618276E+02  1.5110371287E+02  1.3616516858E+02  1.2301406216E+02  1.1235723323E+02
   1.0485981664E+02  1.0091255941E+02  8.1585697198E+01  3.8798814711E+01  1.4216360811E+01  7.5335764012E+00  4.7780412711E+00  3.1760278465E+00
   2.1711251899E+00  1.5012883617E+00  1.0442984804E+00  7.2916425144E-01  5.1006441862E-01  3.5725727982E-01  2.5450470227E-01  2.5000000000E-01
 dlnV/dlnr-1
   -9.8668952E-01  -9.8660115E-01  -9.8466696E-01  -9.8169524E-01  -9.7757804E-01  -9.7210165E-01  -9.6494723E-01  -9.5578063E-01
   -9.4407753E-01  -9.2937254E-01  -9.1084782E-01  -8.8795066E-01  -8.5957232E-01  -8.2520227E-01  -7.8379341E-01  -7.3521284E-01
   -6.7971210E-01  -6.1837757E-01  -5.5500469E-01  -4.9565546E-01  -4.5006173E-01  -4.3321020E-01  -4.6347366E-01  -5.5754306E-01
   -7.1584260E-01  -8.9386932E-01   8.7998942E+00   3.0219412E+01   4.1593230E+01   4.4252211E+01   4.5138117E+01   4.5502088E+01
    4.5602039E+01   4.5550709E+01   4.5402708E+01   4.5190616E+01   4.4934763E+01   4.4648951E+01   4.4356719E+01   4.4340909E+01
 Electron density
    4.6128345E+07   4.6746825E+07   6.1330010E+07   8.7654893E+07   1.3204085E+08   2.0549842E+08   3.2666999E+08   5.2455143E+08
    8.4874990E+08   1.3740669E+09   2.2317814E+09   3.6126139E+09   5.8557951E+09   9.4437311E+09   1.5209753E+10   2.4361222E+10
    3.8791840E+10   6.1538162E+10   9.6915862E+10   1.5191832E+11   2.3899751E+11   3.8122691E+11   6.2381757E+11   1.0486859E+12
    1.7176439E+12   2.6746233E+12   4.0701975E+12   7.2533059E+12   1.7823985E+13   3.3097957E+13   5.2263253E+13   7.9176730E+13
    1.1694826E+14   1.7105878E+14   2.4901498E+14   3.6143498E+14   5.2398115E+14   7.5902602E+14   1.0807087E+15   1.1010146E+15
 Temperature (10^4K)
    1.3947987E+00   1.3948385E+00   1.3955072E+00   1.3962864E+00   1.3970003E+00   1.3976765E+00   1.3985686E+00   1.4000912E+00
    1.4027363E+00   1.4069455E+00   1.4132199E+00   1.4221509E+00   1.4352638E+00   1.4556451E+00   1.4893758E+00   1.5437165E+00
    1.6222297E+00   1.7254458E+00   1.8489149E+00   1.9836596E+00   2.1222055E+00   2.2576483E+00   2.3888071E+00   2.5350056E+00
    2.7553555E+00   3.1238720E+00   3.4611148E+00   3.5829702E+00   3.8073896E+00   4.0914131E+00   4.3807134E+00   4.7107529E+00
    5.0841852E+00   5.5094389E+00   5.9893299E+00   6.5267435E+00   7.1303671E+00   7.8124732E+00   8.5482138E+00   8.5900902E+00
 Grey temperature (10^4K)
    1.9549787E-01   1.9615441E-01   2.0991767E-01   2.2946534E-01   2.5410486E-01   2.8364032E-01   3.1822428E-01   3.5784904E-01
    4.0307416E-01   4.5395599E-01   5.1150753E-01   5.7567875E-01   6.4787012E-01   7.2796868E-01   8.1748083E-01   9.1665770E-01
    1.0264908E+00   1.1487530E+00   1.2840344E+00   1.4345784E+00   1.6045527E+00   1.7987563E+00   2.0257448E+00   2.2997188E+00
    2.6381824E+00   3.0576484E+00   3.4512669E+00   3.6156628E+00   3.8739646E+00   4.1443007E+00   4.4196823E+00   4.7378936E+00
    5.1011164E+00   5.5177922E+00   5.9911874E+00   6.5242144E+00   7.1257148E+00   7.8077760E+00   8.5446887E+00   8.5858522E+00
 Heating: radioactive decay (ergs/cm^3/s) 
    0.0000000E+00   0.0000000E+00   0.0000000E+00   0.0000000E+00   0.0000000E+00   0.0000000E+00   0.0000000E+00   0.0000000E+00
    0.0000000E+00   0.0000000E+00   0.0000000E+00   0.0000000E+00   0.0000000E+00   0.0000000E+00   0.0000000E+00   0.0000000E+00
    0.0000000E+00   0.0000000E+00   0.0000000E+00   0.0000000E+00   0.0000000E+00   0.0000000E+00   0.0000000E+00   0.0000000E+00
    0.0000000E+00   0.0000000E+00   0.0000000E+00   0.0000000E+00   0.0000000E+00   0.0000000E+00   0.0000000E+00   0.0000000E+00
    0.0000000E+00   0.0000000E+00   0.0000000E+00   0.0000000E+00   0.0000000E+00   0.0000000E+00   0.0000000E+00   0.0000000E+00
 Rosseland Mean Opacity
    3.4275410E-07   3.4736093E-07   4.5590602E-07   6.5197987E-07   9.8283209E-07   1.5309034E-06   2.4360603E-06   3.9165430E-06
    6.3470356E-06   1.0295633E-05   1.6764250E-05   2.7221021E-05   4.4293367E-05   7.1757728E-05   1.1615439E-04   1.8697106E-04
    2.9910720E-04   4.7645231E-04   7.5301751E-04   1.1838772E-03   1.8682547E-03   2.9920306E-03   4.9210449E-03   8.3135681E-03
    1.3574681E-02   2.0839682E-02   3.1569055E-02   5.8235944E-02   1.5456913E-01   3.0243503E-01   4.9190162E-01   7.5735991E-01
    1.1244938E+00   1.6405908E+00   2.3708609E+00   3.4206165E+00   4.9882863E+00   7.3644018E+00   1.0741729E+01   1.0958216E+01
 Flux Mean Opacity
    8.6386385E-07   8.7531752E-07   1.1489912E-06   1.6407896E-06   2.4690162E-06   3.8359524E-06   6.0795907E-06   9.7144294E-06
    1.5607651E-05   2.5033903E-05   4.0199362E-05   6.4183195E-05   1.0225642E-04   1.6124968E-04   2.5188780E-04   3.8723479E-04
    5.8477685E-04   8.7059593E-04   1.2781508E-03   1.8607462E-03   2.7158739E-03   4.0244065E-03   6.1441671E-03   9.7224934E-03
    1.5208278E-02   2.3450119E-02   3.4043324E-02   6.1177832E-02   1.5956810E-01   3.0996122E-01   4.9986795E-01   7.6350269E-01
    1.1283016E+00   1.6445492E+00   2.3781750E+00   3.4304503E+00   4.9993458E+00   7.3838219E+00   1.0781624E+01   1.0958324E+01
 Atom Density
    4.6063116E+07   4.6680707E+07   6.1242861E+07   8.7529299E+07   1.3184906E+08   2.0519329E+08   3.2616739E+08   5.2369647E+08
    8.4723072E+08   1.3712226E+09   2.2260774E+09   3.6004968E+09   5.8288689E+09   9.3835030E+09   1.5076113E+10   2.4069768E+10
    3.8162261E+10   6.0174493E+10   9.3944431E+10   1.4526280E+11   2.2310276E+11   3.4009425E+11   5.1524350E+11   7.7797193E+11
    1.1747728E+12   1.7916316E+12   2.7200014E+12   4.8483871E+12   1.1920806E+13   2.2129178E+13   3.4925442E+13   5.2887097E+13
    7.8093318E+13   1.1420575E+14   1.6623640E+14   2.4127282E+14   3.4976965E+14   5.0665934E+14   7.2137775E+14   7.3493159E+14
 Ion Density
    4.6063109E+07   4.6680699E+07   6.1242851E+07   8.7529284E+07   1.3184904E+08   2.0519326E+08   3.2616733E+08   5.2369638E+08
    8.4723057E+08   1.3712224E+09   2.2260770E+09   3.6004961E+09   5.8288678E+09   9.3835013E+09   1.5076110E+10   2.4069763E+10
    3.8162253E+10   6.0174481E+10   9.3944410E+10   1.4526277E+11   2.2310270E+11   3.4009413E+11   5.1524329E+11   7.7797155E+11
    1.1747721E+12   1.7916306E+12   2.7199997E+12   4.8483830E+12   1.1920790E+13   2.2129140E+13   3.4925370E+13   5.2886971E+13
    7.8093110E+13   1.1420542E+14   1.6623586E+14   2.4127196E+14   3.4976830E+14   5.0665721E+14   7.2137450E+14   7.3492826E+14
 Mass Density (gm/cm^3)
    1.9127683E-16   1.9384137E-16   2.5431063E-16   3.6346491E-16   5.4750247E-16   8.5206397E-16   1.3544082E-15   2.1746466E-15
    3.5181207E-15   5.6939941E-15   9.2437738E-15   1.4951042E-14   2.4204345E-14   3.8964943E-14   6.2603472E-14   9.9949572E-14
    1.5846857E-13   2.4987424E-13   3.9010371E-13   6.0320296E-13   9.2643293E-13   1.4122394E-12   2.1395457E-12   3.2305240E-12
    4.8782372E-12   7.4397401E-12   1.1294790E-11   2.0132900E-11   4.9501080E-11   9.1891287E-11   1.4502770E-10   2.1961337E-10
    3.2428205E-10   4.7423874E-10   6.9029570E-10   1.0018840E-09   1.4524165E-09   2.1039000E-09   2.9955170E-09   3.0517992E-09
 Clumping Factor
    3.3626240E-01   3.3627190E-01   3.3648036E-01   3.3680230E-01   3.3725166E-01   3.3785538E-01   3.3865454E-01   3.3969594E-01
    3.4105442E-01   3.4280816E-01   3.4509335E-01   3.4803843E-01   3.5188086E-01   3.5683501E-01   3.6327343E-01   3.7155028E-01
    3.8211118E-01   3.9548769E-01   4.1195859E-01   4.3167260E-01   4.5447669E-01   4.7936604E-01   5.0457603E-01   5.2758141E-01
    5.4530005E-01   5.5517632E-01   6.0958211E-01   7.7489427E-01   9.0723552E-01   9.4920243E-01   9.6734017E-01   9.7811715E-01
    9.8496592E-01   9.8956947E-01   9.9272795E-01   9.9491441E-01   9.9643864E-01   9.9750366E-01   9.9822073E-01   9.9825219E-01
 Hydrogen Density
    2.3235157E+07   2.3546682E+07   3.0892124E+07   4.4151529E+07   6.6507302E+07   1.0350360E+08   1.6452535E+08   2.6416297E+08
    4.2736011E+08   6.9167211E+08   1.1228780E+09   1.8161626E+09   2.9401980E+09   4.7332266E+09   7.6046928E+09   1.2141272E+10
    1.9249808E+10   3.0353218E+10   4.7387450E+10   7.3273463E+10   1.1253749E+11   1.7155034E+11   2.5989913E+11   3.9242460E+11
    5.9257888E+11   9.0373483E+11   1.3720231E+12   2.4456234E+12   6.0130931E+12   1.1162400E+13   1.7617091E+13   2.6677309E+13
    3.9391831E+13   5.7607666E+13   8.3852964E+13   1.2170284E+14   1.7643081E+14   2.5556910E+14   3.6387736E+14   3.7071419E+14
 Helium Density
    2.2770454E+07   2.3075748E+07   3.0274281E+07   4.3268498E+07   6.5177156E+07   1.0143353E+08   1.6123485E+08   2.5887971E+08
    4.1881291E+08   6.7783866E+08   1.1004204E+09   1.7798393E+09   2.8813941E+09   4.6385620E+09   7.4525989E+09   1.1898447E+10
    1.8864811E+10   2.9746153E+10   4.6439701E+10   7.1807994E+10   1.1028674E+11   1.6811933E+11   2.5470114E+11   3.8457610E+11
    5.8072730E+11   8.8566013E+11   1.3445826E+12   2.3967109E+12   5.8928312E+12   1.0939152E+13   1.7264749E+13   2.6143763E+13
    3.8603994E+13   5.6455512E+13   8.2175905E+13   1.1926878E+14   1.7290219E+14   2.5045772E+14   3.5659982E+14   3.6329990E+14
HI populations
 Number of Hydrogen levels:   30
HI oscillator date:          12-OCT-1995
    2.1293768E+00   7.6410092E-07   9.7865093E-07   1.9358441E-06   3.3293280E-06   5.5008491E-06   8.0571430E-06   1.1344615E-05
    1.1653598E-05   1.9079969E-05   2.4022421E-05   2.8543383E-05   3.5820079E-05   4.1062262E-05   4.7059875E-05   5.4399107E-05
    6.2290446E-05   7.0463085E-05   7.9194714E-05   8.8492822E-05   9.7988536E-05   1.0797710E-04   1.1851690E-04   1.2924082E-04
    1.4039896E-04   1.5209480E-04   1.6405132E-04   1.7639126E-04   1.8927490E-04   2.0262696E-04   2.1578444E+00   7.9014922E-07
    1.0062380E-06   1.9888598E-06   3.4198715E-06   5.6500527E-06   8.2756108E-06   1.1651648E-05   1.1974478E-05   1.9595214E-05
    2.4674704E-05   2.9326092E-05   3.6799337E-05   4.2202294E-05   4.8387471E-05   5.5930465E-05   6.4040733E-05   7.2440648E-05
    8.1415235E-05   9.0971530E-05   1.0073056E-04   1.1099555E-04   1.2182713E-04   1.3284856E-04   1.4431614E-04   1.5633616E-04
    1.6862489E-04   1.8130797E-04   1.9454944E-04   2.0827226E-04   2.8354981E+00   1.4771598E-06   1.7539875E-06   3.4391757E-06
    5.9036765E-06   9.7474496E-06   1.4279818E-05   2.0089505E-05   2.0851288E-05   3.3750737E-05   4.2631131E-05   5.0935973E-05
    6.3821494E-05   7.3846404E-05   8.5379042E-05   9.8574841E-05   1.1275472E-04   1.2745059E-04   1.4314989E-04   1.5985236E-04
    1.7690206E-04   1.9481668E-04   2.1372221E-04   2.3298497E-04   2.5302378E-04   2.7402110E-04   2.9551740E-04   3.1771348E-04
    3.4087151E-04   3.6486825E-04   4.0632553E+00   3.3904985E-06   3.6532278E-06   7.0781606E-06   1.2116631E-05   1.9985574E-05
    2.9285926E-05   4.1143830E-05   4.3401938E-05   6.9051990E-05   8.7639783E-05   1.0555514E-04   1.3217220E-04   1.5466747E-04
    1.8036944E-04   2.0791419E-04   2.3748080E-04   2.6812550E-04   3.0083096E-04   3.3560183E-04   3.7111176E-04   4.0838023E-04
    4.4770502E-04   4.8786002E-04   5.2962871E-04   5.7337095E-04   6.1823603E-04   6.6458979E-04   7.1291001E-04   7.6297181E-04
    6.1438827E+00   8.9153032E-06   8.5065265E-06   1.6227433E-05   2.7676203E-05   4.5587985E-05   6.6829739E-05   9.3705621E-05
    1.0120107E-04   1.5727236E-04   2.0085695E-04   2.4441707E-04   3.0626810E-04   3.6229104E-04   4.2518663E-04   4.8915314E-04
    5.5771637E-04   6.2877378E-04   7.0448346E-04   7.8493068E-04   8.6722220E-04   9.5350439E-04   1.0445056E-03   1.1376898E-03
    1.2346229E-03   1.3360604E-03   1.4403196E-03   1.5481122E-03   1.6603676E-03   1.7766474E-03   9.6086353E+00   2.5758220E-05
    2.1281778E-05   3.9827649E-05   6.7610213E-05   1.1116404E-04   1.6307058E-04   2.2812007E-04   2.5423499E-04   3.8401132E-04
    4.9376321E-04   6.0756936E-04   7.6220114E-04   9.0880117E-04   1.0698126E-03   1.2280367E-03   1.3973749E-03   1.5729429E-03
    1.7596484E-03   1.9579297E-03   2.1612903E-03   2.3743656E-03   2.5989283E-03   2.8295927E-03   3.0695758E-03   3.3204998E-03
    3.5789398E-03   3.8463198E-03   4.1245000E-03   4.4125985E-03   1.5364808E+01   7.9812750E-05   5.5921718E-05   1.0229035E-04
    1.7266794E-04   2.8323650E-04   4.1596263E-04   5.8078830E-04   6.7277395E-04   9.8546203E-04   1.2740093E-03   1.5826286E-03
    1.9851942E-03   2.3763623E-03   2.7973427E-03   3.2038132E-03   3.6382432E-03   4.0891755E-03   4.5678662E-03   5.0759123E-03
    5.5986325E-03   6.1461073E-03   6.7225779E-03   7.3165070E-03   7.9345737E-03   8.5802776E-03   9.2465653E-03   9.9363166E-03
    1.0653294E-02   1.1395697E-02   2.4839391E+01   2.5850312E-04   1.5093305E-04   2.6892572E-04   4.5099489E-04   7.3773607E-04
    1.0855484E-03   1.5157550E-03   1.8318056E-03   2.6051307E-03   3.3743289E-03   4.2144607E-03   5.2721601E-03   6.3123214E-03
    7.4148596E-03   8.4743651E-03   9.6055107E-03   1.0781752E-02   1.2028643E-02   1.3351035E-02   1.4716064E-02   1.6145515E-02
    1.7649272E-02   1.9202719E-02   2.0819697E-02   2.2507697E-02   2.4252185E-02   2.6058974E-02   2.7935656E-02   2.9878526E-02
    4.0500582E+01   8.6994629E-04   4.1661174E-04   7.2067515E-04   1.1997719E-03   1.9566195E-03   2.8893846E-03   4.0492835E-03
    5.0949676E-03   7.0578108E-03   9.1165334E-03   1.1390285E-02   1.4169516E-02   1.6922501E-02   1.9813357E-02   2.2602095E-02
    2.5576954E-02   2.8677297E-02   3.1960500E-02   3.5439787E-02   3.9042267E-02   4.2814776E-02   4.6779872E-02   5.0885160E-02
    5.5159290E-02   5.9618188E-02   6.4231810E-02   6.9011839E-02   7.3973549E-02   7.9109179E-02   6.6124323E+01   2.9867802E-03
    1.1595623E-03   1.9421697E-03   3.2085695E-03   5.2181447E-03   7.7522179E-03   1.0938656E-02   1.4210401E-02   1.9247025E-02
    2.4689682E-02   3.0725856E-02   3.7928213E-02   4.5111635E-02   5.2623127E-02   5.9934192E-02   6.7728646E-02   7.5871185E-02
    8.4488024E-02   9.3612374E-02   1.0308539E-01   1.1300645E-01   1.2342561E-01   1.3423243E-01   1.4548569E-01   1.5721863E-01
    1.6936927E-01   1.8196068E-01   1.9502308E-01   2.0853977E-01   1.0841645E+02   1.0516348E-02   3.2789684E-03   5.3004054E-03
    8.6929368E-03   1.4114634E-02   2.1138511E-02   3.0025431E-02   3.9778841E-02   5.2849929E-02   6.7156190E-02   8.3031109E-02
    1.0159073E-01   1.2025244E-01   1.3975745E-01   1.5896119E-01   1.7942621E-01   2.0085535E-01   2.2352245E-01   2.4750662E-01
    2.7246552E-01   2.9860822E-01   3.2604359E-01   3.5453963E-01   3.8421607E-01   4.1514110E-01   4.4718581E-01   4.8039450E-01
    5.1482523E-01   5.5044000E-01   1.7723707E+02   3.7248327E-02   9.3250638E-03   1.4478707E-02   2.3610557E-02   3.8334737E-02
    5.7781914E-02   8.2221831E-02   1.0971004E-01   1.4338088E-01   1.8035505E-01   2.2134701E-01   2.6843646E-01   3.1623140E-01
    3.6627966E-01   4.1615415E-01   4.6928913E-01   5.2504758E-01   5.8400992E-01   6.4635529E-01   7.1136048E-01   7.7945691E-01
    8.5087394E-01   9.2512976E-01   1.0024629E+00   1.0830075E+00   1.1664939E+00   1.2530005E+00   1.3426302E+00   1.4352890E+00
    2.9004586E+02   1.3383563E-01   2.7263749E-02   4.0118386E-02   6.5162925E-02   1.0568935E-01   1.5921259E-01   2.2536301E-01
    2.9995258E-01   3.8652192E-01   4.8155462E-01   5.8667786E-01   7.0559970E-01   8.2753644E-01   9.5561616E-01   1.0847726E+00
    1.2223436E+00   1.3669876E+00   1.5199121E+00   1.6815077E+00   1.8502673E+00   2.0270653E+00   2.2123696E+00   2.4051829E+00
    2.6059653E+00   2.8149619E+00   3.0315942E+00   3.2559726E+00   3.4882433E+00   3.7281402E+00   4.7044386E+02   4.7397197E-01
    8.2700338E-02   1.1186398E-01   1.8032868E-01   2.8977991E-01   4.3218812E-01   6.0503046E-01   7.9875790E-01   1.0177597E+00
    1.2576897E+00   1.5216475E+00   1.8163251E+00   2.1216551E+00   2.4435777E+00   2.7718680E+00   3.1214888E+00   3.4897134E+00
    3.8789561E+00   4.2900215E+00   4.7198684E+00   5.1701896E+00   5.6418766E+00   6.1328983E+00   6.6440675E+00   7.1757491E+00
    7.7266595E+00   8.2968158E+00   8.8862453E+00   9.4940938E+00   7.5375441E+02   1.6362044E+00   2.7394823E-01   3.2027633E-01
    5.0256097E-01   7.8641799E-01   1.1511316E+00   1.5866442E+00   2.0750449E+00   2.6237086E+00   3.2221346E+00   3.8724902E+00
    4.5896423E+00   5.3411115E+00   6.1366270E+00   6.9569752E+00   7.8304947E+00   8.7519748E+00   9.7259088E+00   1.0753792E+01
    1.1829806E+01   1.2956948E+01   1.4136687E+01   1.5364974E+01   1.6642938E+01   1.7970755E+01   1.9345389E+01   2.0766008E+01
    2.2231525E+01   2.3738864E+01   1.1764334E+03   5.2800290E+00   1.0001714E+00   9.5885621E-01   1.4092141E+00   2.1089704E+00
    2.9928235E+00   4.0392794E+00   5.2157492E+00   6.5281644E+00   7.9611687E+00   9.5169865E+00   1.1212287E+01   1.3006258E+01
    1.4912255E+01   1.6898300E+01   1.9012744E+01   2.1246466E+01   2.3606925E+01   2.6096426E+01   2.8704589E+01   3.1435878E+01
    3.4291944E+01   3.7264763E+01   4.0354694E+01   4.3559917E+01   4.6872476E+01   5.0287226E+01   5.3797336E+01   5.7390918E+01
    1.7519023E+03   1.5178797E+01   3.6639744E+00   2.9497915E+00   3.8797261E+00   5.5139007E+00   7.5554892E+00   9.9527719E+00
    1.2665408E+01   1.5693625E+01   1.9011765E+01   2.2610970E+01   2.6472679E+01   3.0601710E+01   3.5009491E+01   3.9655963E+01
    4.4601876E+01   4.9834508E+01   5.5362669E+01   6.1188000E+01   6.7294897E+01   7.3686509E+01   8.0361237E+01   8.7303395E+01
    9.4506511E+01   1.0195870E+02   1.0963662E+02   1.1751615E+02   1.2556479E+02   1.3373498E+02   2.4870155E+03   3.9199874E+01
    1.2332147E+01   8.9618698E+00   1.0513595E+01   1.3948781E+01   1.8477537E+01   2.3893477E+01   2.9922684E+01   3.6660962E+01
    4.4002763E+01   5.1976133E+01   6.0602446E+01   6.9886385E+01   7.9835739E+01   9.0412479E+01   1.0166792E+02   1.1358728E+02
    1.2617466E+02   1.3942573E+02   1.5331762E+02   1.6784180E+02   1.8298072E+02   1.9869748E+02   2.1495556E+02   2.3170177E+02
    2.4885624E+02   2.6631674E+02   2.8394323E+02   3.0154061E+02   3.3817580E+03   9.2479667E+01   3.6554914E+01   2.5598737E+01
    2.8179483E+01   3.4609035E+01   4.3732938E+01   5.5054159E+01   6.7736500E+01   8.2113454E+01   9.8013738E+01   1.1542285E+02
    1.3434496E+02   1.5477210E+02   1.7670285E+02   2.0011373E+02   2.2501804E+02   2.5139725E+02   2.7923637E+02   3.0850896E+02
    3.3916991E+02   3.7116678E+02   4.0442300E+02   4.3882535E+02   4.7422287E+02   5.1040301E+02   5.4706557E+02   5.8379594E+02
    6.2001861E+02   6.5493955E+02   4.4136036E+03   1.9971173E+02   9.3722121E+01   6.5232351E+01   7.0091762E+01   8.0927034E+01
    9.8743058E+01   1.2203606E+02   1.4883063E+02   1.7954282E+02   2.1381128E+02   2.5149567E+02   2.9254871E+02   3.3692848E+02
    3.8460895E+02   4.3559984E+02   4.8981513E+02   5.4722062E+02   6.0773819E+02   6.7126513E+02   7.3767302E+02   8.0675360E+02
    8.7821519E+02   9.5165499E+02   1.0264853E+03   1.1018724E+03   1.1766394E+03   1.2491223E+03   1.3170111E+03   1.3771774E+03
    5.6330466E+03   4.0246650E+02   2.1372860E+02   1.4763235E+02   1.5941699E+02   1.7953034E+02   2.1663515E+02   2.6629056E+02
    3.2432573E+02   3.9099610E+02   4.6556325E+02   5.4766399E+02   6.3714679E+02   7.3390025E+02   8.3783926E+02   9.4900604E+02
    1.0671047E+03   1.1920174E+03   1.3234653E+03   1.4610788E+03   1.6043883E+03   1.7526151E+03   1.9046479E+03   2.0589174E+03
    2.2130859E+03   2.3637901E+03   2.5062583E+03   2.6338091E+03   2.7374767E+03   2.8059421E+03   7.2115766E+03   7.6989148E+02
    4.4261050E+02   3.0511175E+02   3.3953228E+02   3.8836117E+02   4.7302975E+02   5.8387669E+02   7.1358641E+02   8.6186107E+02
    1.0273885E+03   1.2094834E+03   1.4078231E+03   1.6221539E+03   1.8522352E+03   2.0980350E+03   2.3587926E+03   2.6339987E+03
    2.9226693E+03   3.2234171E+03   3.5343134E+03   3.8522802E+03   4.1727751E+03   4.4891508E+03   4.7915197E+03   5.0656804E+03
    5.2919944E+03   5.4447950E+03   5.4937523E+03   5.4085851E+03   9.4706021E+03   1.4013067E+03   8.5143965E+02   6.1202636E+02
    7.1366147E+02   8.4874126E+02   1.0537811E+03   1.3116196E+03   1.6112779E+03   1.9513300E+03   2.3296552E+03   2.7451478E+03
    3.1971708E+03   3.6851014E+03   4.2081853E+03   4.7657624E+03   5.3557014E+03   5.9757112E+03   6.6219071E+03   7.2884619E+03
    7.9666553E+03   8.6427903E+03   9.2961381E+03   9.8959614E+03   1.0397883E+04   1.0742022E+04   1.0855622E+04   1.0664913E+04
    1.0119403E+04   9.2223949E+03   1.2683850E+04   2.3754870E+03   1.5391366E+03   1.2348558E+03   1.5199091E+03   1.8902497E+03
    2.3941705E+03   3.0055828E+03   3.7100509E+03   4.5043630E+03   5.3853372E+03   6.3511852E+03   7.4004197E+03   8.5311245E+03
    9.7404910E+03   1.1024683E+04   1.2376138E+04   1.3784148E+04   1.5231197E+04   1.6689695E+04   1.8116423E+04   1.9443878E+04
    2.0571017E+04   2.1356015E+04   2.1620291E+04   2.1180091E+04   1.9915162E+04   1.7854919E+04   1.5220363E+04   1.2364549E+04
    1.6272117E+04   3.5182524E+03   2.5396899E+03   2.3887602E+03   3.0879171E+03   3.9844598E+03   5.1263979E+03   6.4804399E+03
    8.0299450E+03   9.7697776E+03   1.1695325E+04   1.3803169E+04   1.6089142E+04   1.8546817E+04   2.1165838E+04   2.3929863E+04
    2.6810392E+04   2.9762102E+04   3.2710116E+04   3.5533206E+04   3.8040271E+04   3.9945007E+04   4.0860183E+04   4.0349844E+04
    3.8081428E+04   3.4053305E+04   2.8736398E+04   2.2944332E+04   1.7483424E+04   1.2863666E+04   1.9367009E+04   4.5792434E+03
    3.8665934E+03   4.2683631E+03   5.7422947E+03   7.6078517E+03   9.9015160E+03   1.2587447E+04   1.5648074E+04   1.9076178E+04
    2.2864773E+04   2.7006122E+04   3.1488494E+04   3.6292262E+04   4.1384308E+04   4.6709216E+04   5.2171335E+04   5.7610701E+04
    6.2759802E+04   6.7187478E+04   7.0245567E+04   7.1078821E+04   6.8813480E+04   6.2997684E+04   5.4099195E+04   4.3554284E+04
    3.3130253E+04   2.4126582E+04   1.7062021E+04   1.1861699E+04   2.8210329E+04   6.8100278E+03   6.4943603E+03   7.9751487E+03
    1.0996364E+04   1.4787124E+04   1.9375603E+04   2.4718147E+04   3.0792422E+04   3.7585875E+04   4.5084649E+04   5.3268012E+04
    6.2101128E+04   7.1523273E+04   8.1428516E+04   9.1632689E+04   1.0181305E+05   1.1141687E+05   1.1952853E+05   1.2475042E+05
    1.2525961E+05   1.1933346E+05   1.0645776E+05   8.8307639E+04   6.8328525E+04   4.9935956E+04   3.5050508E+04   2.4005452E+04
    1.6240590E+04   1.0946094E+04   7.1446753E+04   1.8293571E+04   1.8100048E+04   2.3368839E+04   3.2649423E+04   4.4241921E+04
    5.8156976E+04   7.4303527E+04   9.2631008E+04   1.1309793E+05   1.3564284E+05   1.6015905E+05   1.8645350E+05   2.1417439E+05
    2.4268092E+05   2.7081154E+05   2.9649842E+05   3.1626722E+05   3.2493784E+05   3.1647862E+05   2.8714140E+05   2.3976206E+05
    1.8431100E+05   1.3223752E+05   9.0392134E+04   6.0049092E+04   3.9362785E+04   2.5720253E+04   1.6856779E+04   1.1120896E+04
    3.0656490E+05   8.3833760E+04   9.0043773E+04   1.2486132E+05   1.7693759E+05   2.4162884E+05   3.1870322E+05   4.0784399E+05
    5.0877577E+05   6.2108739E+05   7.4399687E+05   8.7598067E+05   1.0140543E+06   1.1523808E+06   1.2797455E+06   1.3758521E+06
    1.4089047E+06   1.3428496E+06   1.1634289E+06   9.0602620E+05   6.4081846E+05   4.2271443E+05   2.6772217E+05   1.6651167E+05
    1.0318958E+05   6.4252965E+04   4.0379010E+04   2.5666913E+04   1.6517473E+04   1.0763615E+04   7.5535306E+05   2.2099912E+05
    2.6145978E+05   3.7763008E+05   5.4004356E+05   7.4112964E+05   9.7995550E+05   1.2556257E+06   1.5669521E+06   1.9116737E+06
    2.2851290E+06   2.6776694E+06   3.0693583E+06   3.4199461E+06   3.6544926E+06   3.6590590E+06   3.3284403E+06   2.6827314E+06
    1.9153563E+06   1.2447492E+06   7.6438910E+05   4.5752242E+05   2.7228945E+05   1.6292821E+05   9.8573299E+04   6.0456649E+04
    3.7624291E+04   2.3761947E+04   1.5224677E+04   9.8909577E+03   1.3863375E+06   4.4103470E+05   5.6434476E+05   8.3453029E+05
    1.2014744E+06   1.6547468E+06   2.1921267E+06   2.8113507E+06   3.5085523E+06   4.2756040E+06   5.0949226E+06   5.9284783E+06
    6.6953663E+06   7.2354479E+06   7.2886590E+06   6.5996524E+06   5.2139935E+06   3.5995565E+06   2.2483651E+06   1.3280280E+06
    7.6742914E+05   4.4279473E+05   2.5781214E+05   1.5223164E+05   9.1345539E+04   5.5728951E+04   3.4561661E+04   2.1776316E+04
    1.3929608E+04   9.0390687E+03   2.3104640E+06   8.2067596E+05   1.1220384E+06   1.6886421E+06   2.4460145E+06   3.3797062E+06
    4.4849661E+06   5.7559483E+06   7.1809207E+06   8.7336374E+06   1.0354798E+07   1.1911505E+07   1.3121134E+07   1.3475317E+07
    1.2384215E+07   9.8066879E+06   6.6729032E+06   4.0575304E+06   2.3216242E+06   1.2996337E+06   7.2789487E+05   4.1242565E+05
    2.3755933E+05   1.3935300E+05   8.3270739E+04   5.0664812E+04   3.1363678E+04   1.9736471E+04   1.2613566E+04   8.1798456E+03
    3.6210936E+06   1.4699570E+06   2.1181254E+06   3.2335159E+06   4.7105269E+06   6.5281174E+06   8.6763561E+06   1.1140043E+07
    1.3885316E+07   1.6832598E+07   1.9794678E+07   2.2344080E+07   2.3618096E+07   2.2387227E+07   1.8136705E+07   1.2383730E+07
    7.4107180E+06   4.1273966E+06   2.2412059E+06   1.2180526E+06   6.7090451E+05   3.7647701E+05   2.1559874E+05   1.2601507E+05
    7.5125557E+04   4.5638296E+04   2.8222191E+04   1.7746483E+04   1.1335798E+04   7.3484187E+03   5.5012575E+06   2.5995248E+06
    3.9069154E+06   6.0395800E+06   8.8461689E+06   1.2293988E+07   1.6361555E+07   2.1008712E+07   2.6139047E+07   3.1515373E+07
    3.6560549E+07   3.9975319E+07   3.9496696E+07   3.3294970E+07   2.3202472E+07   1.3806063E+07   7.5122515E+06   3.9570925E+06
    2.0838995E+06   1.1136913E+06   6.0763721E+05   3.3908440E+05   1.9352631E+05   1.1287029E+05   6.7193973E+04   4.0780949E+04
    2.5201833E+04   1.5839880E+04   1.0114565E+04   6.5551726E+03   8.2359782E+06   4.5703420E+06   7.1171247E+06   1.1129119E+07
    1.6384557E+07   2.2829589E+07   3.0415178E+07   3.9033657E+07   4.8410480E+07   5.7840051E+07   6.5577043E+07   6.7982291E+07
    6.0536090E+07   4.3901202E+07   2.6330943E+07   1.4071027E+07   7.1917414E+06   3.6633921E+06   1.8951672E+06   1.0029949E+06
    5.4419543E+05   3.0266943E+05   1.7238401E+05   1.0040443E+05   5.9719355E+04   3.6222402E+04   2.2375243E+04   1.4059088E+04
    8.9755074E+03   5.8160510E+03   1.2291496E+07   8.0049890E+06   1.2864303E+07   2.0331198E+07   3.0075907E+07   4.2004302E+07
    5.5998545E+07   7.1766288E+07   8.8520829E+07   1.0416331E+08   1.1360679E+08   1.0810693E+08   8.3388505E+07   5.1404955E+07
    2.7221004E+07   1.3518666E+07   6.6494044E+06   3.3209956E+06   1.7001817E+06   8.9459417E+05   4.8373895E+05   2.6848900E+05
    1.5271619E+05   8.8872578E+04   5.2829831E+04   3.2030907E+04   1.9780607E+04   1.2426362E+04   7.9320436E+03   5.1393768E+03
    1.8420256E+07   1.3991045E+07   2.3143231E+07   3.6942335E+07   5.4893428E+07   7.6820281E+07   1.0242738E+08   1.3090993E+08
    1.5998979E+08   1.8346491E+08   1.8760299E+08   1.5714445E+08   1.0220309E+08   5.4439618E+07   2.6371286E+07   1.2508659E+07
    6.0138344E+06   2.9687891E+06   1.5103907E+06   7.9191498E+05   4.2731159E+05   2.3685849E+05   1.3461087E+05   7.8292460E+04
    4.6522946E+04   2.8199689E+04   1.7411491E+04   1.0936664E+04   6.9805003E+03   4.5225544E+03   2.7758432E+07   2.4386873E+07
    4.1442881E+07   6.6775106E+07   9.9634644E+07   1.3966570E+08   1.8610389E+08   2.3670478E+08   2.8482231E+08   3.1266510E+08
    2.8862692E+08   2.0443778E+08   1.1226135E+08   5.3505041E+07   2.4473145E+07   1.1292728E+07   5.3564448E+06   2.6258740E+06
    1.3308226E+06   6.9621700E+05   3.7516719E+05   2.0777814E+05   1.1801883E+05   6.8617015E+04   4.0763484E+04   2.4704407E+04
    1.5251578E+04   9.5791703E+03   6.1137050E+03   3.9608114E+03   4.1302719E+07   4.1354841E+07   7.1998334E+07   1.1698523E+08
    1.7518773E+08   2.4585909E+08   3.2706421E+08   4.1275502E+08   4.8448249E+08   4.9671880E+08   3.9826883E+08   2.3590199E+08
    1.1318712E+08   5.0200251E+07   2.2201342E+07   1.0084181E+07   4.7460600E+06   2.3170889E+06   1.1716155E+06   6.1209126E+05
    3.2955732E+05   1.8242045E+05   1.0357940E+05   6.0207852E+04   3.5762235E+04   2.1671127E+04   1.3377967E+04   8.4019757E+03
    5.3622009E+03   3.4738626E+03   4.2182221E+07   4.2515784E+07   7.4109650E+07   1.2046752E+08   1.8043579E+08   2.5323647E+08
    3.3683657E+08   4.2486225E+08   4.9785221E+08   5.0810993E+08   4.0391683E+08   2.3701101E+08   1.1302538E+08   4.9978851E+07
    2.2073497E+07   1.0019762E+07   4.7142494E+06   2.3011688E+06   1.1634537E+06   6.0779240E+05   3.2723114E+05   1.8112873E+05
    1.0284443E+05   5.9780050E+04   3.5507896E+04   2.1516907E+04   1.3282724E+04   8.3421418E+03   5.3240072E+03   3.4491159E+03
 DHYD population
    2.3235155E+07   2.3546680E+07   3.0892121E+07   4.4151524E+07   6.6507296E+07   1.0350359E+08   1.6452534E+08   2.6416295E+08
    4.2736007E+08   6.9167204E+08   1.1228779E+09   1.8161624E+09   2.9401977E+09   4.7332260E+09   7.6046918E+09   1.2141270E+10
    1.9249804E+10   3.0353212E+10   4.7387439E+10   7.3273443E+10   1.1253745E+11   1.7155026E+11   2.5989896E+11   3.9242427E+11
    5.9257828E+11   9.0373382E+11   1.3720214E+12   2.4456193E+12   6.0130772E+12   1.1162362E+13   1.7617019E+13   2.6677184E+13
    3.9391624E+13   5.7607329E+13   8.3852425E+13   1.2170198E+14   1.7642945E+14   2.5556698E+14   3.6387411E+14   3.7071086E+14
 HeI populations
 Number of Helium I levels:   69
HeI oscillator date:         4-OCT-1992 
    5.1878905E+00   4.5821387E-01   7.4808201E-03   5.2106153E-05   5.6282037E-08   4.3612070E-07   1.0839545E-07   3.6928708E-06
    4.8571389E-07   1.6359668E-07   5.7335483E-08   1.8792770E-07   7.0946851E-08   2.5114504E-06   4.3493799E-07   1.4897172E-07
    8.2944957E-07   2.7636221E-07   4.7700076E-08   1.2768366E-07   5.9373412E-08   2.3236335E-06   4.0358586E-07   1.4148559E-07
    1.9356226E-06   6.4565514E-07   5.7550352E-08   1.0878067E-07   5.4380972E-08   2.2279676E-06   3.9115731E-07   1.3037638E-07
    3.3319119E-06   1.1106370E-06   9.7975830E-08   1.0795015E-07   5.0957651E-08   2.1304444E-06   3.8581925E-07   1.2860038E-07
    5.0186037E-06   1.6728677E-06   6.6692018E-08   2.7040640E-06   8.1121921E-06   3.3963280E-06   1.0188984E-05   4.3096444E-06
    1.2928933E-05   6.0138163E-06   1.8041449E-05   7.0508032E-06   2.1152410E-05   8.1792423E-06   2.4537727E-05   9.5281839E-06
    2.8584552E-05   1.0856856E-05   3.2570568E-05   1.2277670E-05   3.6833009E-05   1.3861116E-05   4.1583348E-05   1.5474189E-05
    4.6422568E-05   1.7179678E-05   5.1539035E-05   1.7127236E-05   5.1381708E-05   5.2562071E+00   4.6432707E-01   7.5890928E-03
    5.3973294E-05   5.8153870E-08   4.4808998E-07   1.1133197E-07   3.7973390E-06   4.9886162E-07   1.6801861E-07   5.9087164E-08
    1.9301264E-07   7.2863878E-08   2.5802324E-06   4.4669521E-07   1.5299750E-07   8.5187800E-07   2.8383429E-07   4.9047398E-08
    1.3114841E-07   6.0975485E-08   2.3865723E-06   4.1451345E-07   1.4530826E-07   1.9879598E-06   6.6311425E-07   5.9126439E-08
    1.1179196E-07   5.5846328E-08   2.2877572E-06   4.0181346E-07   1.3392818E-07   3.4220167E-06   1.1406720E-06   1.0063334E-07
    1.1105390E-07   5.2322150E-08   2.1866633E-06   3.9651392E-07   1.3216511E-07   5.1543436E-06   1.7181143E-06   6.8505438E-08
    2.7773137E-06   8.3319410E-06   3.4885821E-06   1.0465746E-05   4.4275709E-06   1.3282713E-05   6.1765323E-06   1.8529597E-05
    7.2415800E-06   2.1724740E-05   8.4005547E-06   2.5201664E-05   9.7873701E-06   2.9362110E-05   1.1152187E-05   3.3456562E-05
    1.2611652E-05   3.7834957E-05   1.4238440E-05   4.2715321E-05   1.5895427E-05   4.7686280E-05   1.7647344E-05   5.2942032E-05
    1.7593475E-05   5.2780426E-05   6.8888139E+00   6.0947536E-01   1.0123924E-02   1.0405179E-04   1.0736074E-07   7.7477104E-07
    1.9182125E-07   6.6282093E-06   8.5968417E-07   2.8936501E-07   1.0449964E-07   3.3231098E-07   1.2545556E-07   4.4601133E-06
    7.6930634E-07   2.6347368E-07   1.4674222E-06   4.8889128E-07   8.5523997E-08   2.2637368E-07   1.0491126E-07   4.1094562E-06
    7.1468580E-07   2.5021010E-07   3.4242095E-06   1.1422491E-06   1.0220551E-07   1.9535663E-07   9.6009155E-08   3.9209789E-06
    6.9544048E-07   2.3179681E-07   5.8945837E-06   1.9648607E-06   1.7348852E-07   1.9859194E-07   8.9606689E-08   3.7119272E-06
    6.9354340E-07   2.3117029E-07   8.8788838E-06   2.9596275E-06   1.1814952E-07   4.7880511E-06   1.4364153E-05   6.0221737E-06
    1.8066521E-05   7.6706962E-06   2.3012089E-05   1.0638457E-05   3.1915371E-05   1.2472984E-05   3.7418953E-05   1.4469297E-05
    4.3407890E-05   1.6906892E-05   5.0720676E-05   1.9264572E-05   5.7793716E-05   2.1785753E-05   6.5357258E-05   2.4607143E-05
    7.3821429E-05   2.7470832E-05   8.2412497E-05   3.0498585E-05   9.1495756E-05   3.0405530E-05   9.1216591E-05   9.8344506E+00
    8.7197705E-01   1.4759024E-02   2.4775727E-04   2.4262389E-07   1.5939360E-06   3.9249938E-07   1.3831701E-05   1.7604421E-06
    5.9179575E-07   2.2262173E-07   6.7921561E-07   2.5642763E-07   9.1753274E-06   1.5734762E-06   5.3875778E-07   3.0021531E-06
    1.0000789E-06   1.7827778E-07   4.6485946E-07   2.1416658E-07   8.4009784E-06   1.4647639E-06   5.1156402E-07   7.0048680E-06
    2.3368755E-06   2.1030566E-07   4.0970811E-07   1.9571204E-07   7.9503042E-06   1.4348177E-06   4.7823816E-07   1.2059249E-05
    4.0197487E-06   3.5544244E-07   4.3151780E-07   1.8144569E-07   7.4028336E-06   1.4557155E-06   4.8521576E-07   1.8166030E-05
    6.0553427E-06   2.4227062E-07   9.8100715E-06   2.9430215E-05   1.2367656E-05   3.7102967E-05   1.5835085E-05   4.7505256E-05
    2.1776336E-05   6.5329008E-05   2.5531725E-05   7.6595174E-05   2.9618292E-05   8.8854876E-05   3.4728669E-05   1.0418601E-04
    3.9571773E-05   1.1871532E-04   4.4750735E-05   1.3425221E-04   5.0572076E-05   1.5171623E-04   5.6457598E-05   1.6937279E-04
    6.2680303E-05   1.8804091E-04   6.2489155E-05   1.8746746E-04   1.4799629E+01   1.3158535E+00   2.2703931E-02   6.7637106E-04
    6.2456007E-07   3.6541606E-06   8.9285910E-07   3.2333331E-05   4.0139960E-06   1.3458764E-06   5.3302776E-07   1.5428791E-06
    5.8247215E-07   2.1036183E-05   3.5796362E-06   1.2249067E-06   6.8314150E-06   2.2751817E-06   4.1561373E-07   1.0645260E-06
    4.8550107E-07   1.9079359E-05   3.3439500E-06   1.1628253E-06   1.5937747E-05   5.3176530E-06   4.8223621E-07   9.6912440E-07
    4.4262327E-07   1.7820114E-05   3.3102340E-06   1.1033320E-06   2.7440597E-05   9.1468633E-06   8.1017872E-07   1.0685612E-06
    4.0600672E-07   1.6171224E-05   3.4415088E-06   1.1471159E-06   4.1346653E-05   1.3782216E-05   5.5301720E-07   2.2375388E-05
    6.7126164E-05   2.8323486E-05   8.4970459E-05   3.6490098E-05   1.0947029E-04   4.9649170E-05   1.4894751E-04   5.8211749E-05
    1.7463525E-04   6.7529429E-05   2.0258829E-04   7.9436479E-05   2.3830944E-04   9.0514674E-05   2.7154402E-04   1.0236111E-04
    3.0708332E-04   1.1572629E-04   3.4717886E-04   1.2919464E-04   3.8758393E-04   1.4343460E-04   4.3030379E-04   1.4299736E-04
    4.2899209E-04   2.3016441E+01   2.0531801E+00   3.6128120E-02   2.0220691E-03   1.7556750E-06   8.9774518E-06   2.1700619E-06
    8.1440813E-05   9.8109105E-06   3.2719342E-06   1.3752510E-06   3.7439160E-06   1.4129817E-06   5.1669716E-05   8.7117389E-06
    2.9764845E-06   1.6622680E-05   5.5340537E-06   1.0416301E-06   2.6185338E-06   1.1740606E-06   4.6221994E-05   8.1852046E-06
    2.8246830E-06   3.8773891E-05   1.2939646E-05   1.1843977E-06   2.4965278E-06   1.0664281E-06   4.2304282E-05   8.2311280E-06
    2.7435122E-06   6.6772558E-05   2.2257514E-05   1.9745654E-06   2.8925151E-06   9.6243495E-07   3.6974962E-05   8.8250189E-06
    2.9415353E-06   1.0068398E-04   3.3561321E-05   1.3518083E-06   5.4647144E-05   1.6394143E-04   6.9624985E-05   2.0887496E-04
    9.0255942E-05   2.7076783E-04   1.2132653E-04   3.6397960E-04   1.4225173E-04   4.2675520E-04   1.6502222E-04   4.9506666E-04
    1.9456055E-04   5.8368164E-04   2.2169470E-04   6.6508410E-04   2.5071050E-04   7.5213151E-04   2.8351395E-04   8.5054184E-04
    3.1651020E-04   9.4953060E-04   3.5139674E-04   1.0541902E-03   3.5032593E-04   1.0509778E-03   3.6573157E+01   3.2743736E+00
    5.8841270E-02   6.4365913E-03   5.2558339E-06   2.3139756E-05   5.5085851E-06   2.1635935E-04   2.5221700E-05   8.3145389E-06
    3.7319938E-06   9.4934954E-06   3.5779795E-06   1.3296001E-04   2.2204855E-05   7.5586567E-06   4.2302922E-05   1.4074487E-05
    2.7449812E-06   6.7890045E-06   2.9584568E-06   1.1658549E-04   2.1058898E-05   7.1697453E-06   9.8645080E-05   3.2929975E-05
    3.0471068E-06   6.8731384E-06   2.6722461E-06   1.0350302E-04   2.1645938E-05   7.2147948E-06   1.6995904E-04   5.6653001E-05
    5.0308838E-06   8.2932140E-06   2.3554988E-06   8.5961469E-05   2.3987336E-05   7.9954045E-06   2.5673796E-04   8.5579310E-05
    3.4632530E-06   1.3990341E-04   4.1971023E-04   1.7991594E-04   5.3974781E-04   2.3434904E-04   7.0304712E-04   3.1101017E-04
    9.3303050E-04   3.6465358E-04   1.0939607E-03   4.2302744E-04   1.2690823E-03   4.9920757E-04   1.4976227E-03   5.6883159E-04
    1.7064948E-03   6.4328368E-04   1.9298510E-03   7.2744454E-04   2.1823336E-03   8.1210873E-04   2.4363262E-03   9.0162294E-04
    2.7048688E-03   8.9887652E-04   2.6966296E-03   5.8713682E+01   5.2749176E+00   9.7076253E-02   2.1179898E-02   1.6243763E-05
    6.1380674E-05   1.4285117E-05   5.9359001E-04   6.7236993E-05   2.1612361E-05   1.0413252E-05   2.4651129E-05   9.2494732E-06
    3.5060910E-04   5.8154550E-05   1.9628861E-05   1.1022088E-04   3.6630000E-05   7.4431310E-06   1.8247054E-05   7.5901411E-06
    2.9868170E-04   5.5956822E-05   1.8607434E-05   2.5689586E-04   8.5791695E-05   8.0353733E-06   1.9764294E-05   6.8011008E-06
    2.5385248E-04   5.9089815E-05   1.9695192E-05   4.4312402E-04   1.4770797E-04   1.3108168E-05   2.4209117E-05   5.8107072E-06
    1.9809144E-04   6.7282102E-05   2.2426319E-05   6.7186808E-04   2.2395600E-04   9.1163955E-06   3.6803601E-04   1.1041080E-03
    4.7871039E-04   1.4361312E-03   6.2485979E-04   1.8745794E-03   8.1860710E-04   2.4558213E-03   9.5981697E-04   2.8794509E-03
    1.1134787E-03   3.3404361E-03   1.3133762E-03   3.9401286E-03   1.4965634E-03   4.4896902E-03   1.6924533E-03   5.0773598E-03
    1.9133488E-03   5.7400465E-03   2.1360439E-03   6.4081316E-03   2.3714952E-03   7.1144856E-03   2.3642764E-03   7.0928292E-03
    9.4984384E+01   8.5511527E+00   1.6199943E-01   7.1286945E-02   5.1662782E-05   1.6773564E-04   3.7661112E-05   1.6758695E-03
    1.8820089E-04   5.7228436E-05   2.9718041E-05   6.5497203E-05   2.4286680E-05   9.4255177E-04   1.5668114E-04   5.1907089E-05
    2.9298703E-04   9.7168110E-05   2.0685650E-05   5.0974994E-05   1.9698290E-05   7.7010156E-04   1.5392533E-04   4.9169986E-05
    6.8238213E-04   2.2796615E-04   2.1633236E-05   5.8667923E-05   1.7462917E-05   6.1697671E-04   1.6706586E-04   5.5684632E-05
    1.1800706E-03   3.9335677E-04   3.4778323E-05   7.0282471E-05   1.4388375E-05   4.5048368E-04   1.9255451E-04   6.4181842E-05
    1.8008082E-03   6.0026933E-04   2.4634282E-05   9.9281164E-04   2.9784349E-03   1.3058916E-03   3.9176749E-03   1.7022745E-03
    5.1068234E-03   2.2014529E-03   6.6043588E-03   2.5812762E-03   7.7438287E-03   2.9945903E-03   8.9837709E-03   3.5261584E-03
    1.0578475E-02   4.0180351E-03   1.2054105E-02   4.5440183E-03   1.3632055E-02   5.1344241E-03   1.5403272E-02   5.7320606E-03
    1.7196182E-02   6.3639265E-03   1.9091779E-02   6.3445785E-03   1.9033735E-02   1.5369243E+02   1.3806892E+01   2.7154881E-01
    2.3898136E-01   1.6635083E-04   4.7019503E-04   9.9495271E-05   4.7967074E-03   5.6382114E-04   1.5230515E-04   8.5411045E-05
    1.7681648E-04   6.3832428E-05   2.5421397E-03   4.3250745E-04   1.3789686E-04   7.8477037E-04   2.5921172E-04   5.8066269E-05
    1.4682496E-04   5.0879442E-05   1.9579653E-03   4.3580688E-04   1.3053665E-04   1.8257386E-03   6.0980953E-04   5.8660716E-05
    1.7448990E-04   4.4554997E-05   1.4587640E-03   4.8155770E-04   1.6050778E-04   3.1729173E-03   1.0576388E-03   9.2725074E-05
    1.9693023E-04   3.5534722E-05   1.0058765E-03   5.5053457E-04   1.8350299E-04   4.8857279E-03   1.6285758E-03   6.7730743E-05
    2.7119416E-03   8.1358248E-03   3.5939829E-03   1.0781949E-02   4.6619715E-03   1.3985915E-02   5.9527620E-03   1.7858286E-02
    6.9801194E-03   2.0940358E-02   8.0980549E-03   2.4294165E-02   9.5104049E-03   2.8531215E-02   1.0837281E-02   3.2511842E-02
    1.2256154E-02   3.6768461E-02   1.3838862E-02   4.1516585E-02   1.5449846E-02   4.6349538E-02   1.7153082E-02   5.1459245E-02
    1.7101032E-02   5.1303096E-02   2.4930062E+02   2.2131360E+01   4.5861479E-01   7.9068549E-01   5.4454555E-04   1.3842823E-03
    2.6473650E-04   1.3969167E-02   1.9256216E-03   4.0991607E-04   2.4844285E-04   4.9314817E-04   1.6873012E-04   6.8899145E-03
    1.2504457E-03   3.7028900E-04   2.1374732E-03   6.9962031E-04   1.6563784E-04   4.3944892E-04   1.3113514E-04   4.8931335E-03
    1.2877772E-03   3.5048756E-04   4.9608145E-03   1.6532550E-03   1.6128833E-04   5.1420782E-04   1.1364629E-04   3.3676193E-03
    1.4169460E-03   4.7228177E-04   8.6880148E-03   2.8960042E-03   2.5027829E-04   5.3313628E-04   8.9342444E-05   2.2450955E-03
    1.5778372E-03   5.2592136E-04   1.3505993E-02   4.5019971E-03   1.9185608E-04   7.5356000E-03   2.2606800E-02   9.9987192E-03
    2.9996157E-02   1.2867740E-02   3.8603219E-02   1.6226151E-02   4.8678453E-02   1.9027789E-02   5.7083366E-02   2.2076401E-02
    6.6229203E-02   2.5843199E-02   7.7529598E-02   2.9449740E-02   8.8349220E-02   3.3306305E-02   9.9918915E-02   3.7576733E-02
    1.1273020E-01   4.1951717E-02   1.2585515E-01   4.6577153E-02   1.3973146E-01   4.6436197E-02   1.3930859E-01   4.0223027E+02
    3.4641653E+01   7.7409534E-01   2.4752025E+00   1.7784473E-03   4.3237596E-03   6.9948621E-04   4.0485317E-02   7.7951859E-03
    1.1008565E-03   7.2008725E-04   1.4175557E-03   4.4210532E-04   1.8367771E-02   3.8048665E-03   9.9175154E-04   5.8928015E-03
    1.8839747E-03   4.7342313E-04   1.3345191E-03   3.3199110E-04   1.1771269E-02   3.9166177E-03   9.4021855E-04   1.3558851E-02
    4.4841735E-03   4.4383794E-04   1.4587691E-03   2.8744143E-04   7.5475936E-03   4.1580789E-03   1.3859284E-03   2.3927256E-02
    7.9757501E-03   6.7651236E-04   1.3855510E-03   2.2999750E-04   5.0351022E-03   4.4654691E-03   1.4884212E-03   3.7404661E-02
    1.2468219E-02   5.5263504E-04   2.0885025E-02   6.2655074E-02   2.7567666E-02   8.2702999E-02   3.5139775E-02   1.0541933E-01
    4.3793856E-02   1.3138157E-01   5.1360126E-02   1.5408038E-01   5.9593256E-02   1.7877977E-01   6.9524805E-02   2.0857441E-01
    7.9230872E-02   2.3769262E-01   8.9609688E-02   2.6882906E-01   1.0101534E-01   3.0304603E-01   1.1277883E-01   3.3833650E-01
    1.2521541E-01   3.7564623E-01   1.2483777E-01   3.7451332E-01   6.4767225E+02   5.2517248E+01   1.3106294E+00   7.1690230E+00
    5.8412771E-03   1.4827773E-02   1.8510285E-03   1.1649151E-01   3.7414213E-02   2.9780726E-03   2.0960003E-03   4.2592259E-03
    1.1575095E-03   4.8071578E-02   1.2481500E-02   2.6746270E-03   1.7102853E-02   5.1041812E-03   1.3683062E-03   4.0706337E-03
    8.3234095E-04   2.7411351E-02   1.2252879E-02   2.5493080E-03   3.7913031E-02   1.2287442E-02   1.2358371E-03   3.9991656E-03
    7.3462133E-04   1.6779330E-02   1.2159547E-02   4.0528986E-03   6.6761399E-02   2.2253794E-02   1.8563175E-03   3.5346232E-03
    6.2177556E-04   1.1610815E-02   1.2587158E-02   4.1955280E-03   1.0406469E-01   3.4688224E-02   1.6399636E-03   5.7789940E-02
    1.7336982E-01   7.5550506E-02   2.2665152E-01   9.5353535E-02   2.8606060E-01   1.1759800E-01   3.5279401E-01   1.3793382E-01
    4.1380147E-01   1.6006143E-01   4.8018429E-01   1.8612651E-01   5.5837952E-01   2.1212455E-01   6.3637364E-01   2.3992404E-01
    7.1977211E-01   2.7025209E-01   8.1075628E-01   3.0173296E-01   9.0519888E-01   3.3501370E-01   1.0050411E+00   3.3400784E-01
    1.0020235E+00   1.0312925E+03   7.5822432E+01   2.2034848E+00   1.8331564E+01   1.8907024E-02   5.4490818E-02   4.8335611E-03
    3.2364068E-01   1.8575803E-01   8.0124952E-03   6.0195554E-03   1.3037640E-02   2.9831238E-03   1.2052209E-01   4.3052547E-02
    7.1666955E-03   5.5301306E-02   1.3711766E-02   3.9307282E-03   1.1973276E-02   2.0464295E-03   6.1621306E-02   3.7984782E-02
    6.9089014E-03   1.0831903E-01   3.3542219E-02   3.4339714E-03   1.0457610E-02   1.8942116E-03   3.7263660E-02   3.4524290E-02
    1.1507303E-02   1.8500310E-01   6.1667685E-02   5.1108635E-03   8.8637305E-03   1.7363816E-03   2.7404559E-02   3.4671124E-02
    1.1556522E-02   2.8422460E-01   9.4741521E-02   4.8831618E-03   1.5602149E-01   4.6806448E-01   2.0163504E-01   6.0490512E-01
    2.5216892E-01   7.5650676E-01   3.0829634E-01   9.2488901E-01   3.6168220E-01   1.0850466E+00   4.1976980E-01   1.2593094E+00
    4.8671161E-01   1.4601348E+00   5.5474951E-01   1.6642485E+00   6.2749968E-01   1.8824990E+00   7.0635178E-01   2.1190554E+00
    7.8866921E-01   2.3660076E+00   8.7568708E-01   2.6270612E+00   8.7307476E-01   2.6192243E+00   1.6239501E+03   1.0394748E+02
    3.6778064E+00   4.0699535E+01   6.0538648E-02   2.0157915E-01   1.2517692E-02   8.6863820E-01   8.1903856E-01   2.1671869E-02
    1.7109288E-02   4.0033592E-02   7.6051474E-03   2.9013271E-01   1.5115997E-01   1.9244795E-02   2.0958808E-01   3.6775100E-02
    1.1260921E-02   3.3577745E-02   5.0077231E-03   1.3732916E-01   1.1498501E-01   1.8904018E-02   3.2310673E-01   9.1604481E-02
    9.5901506E-03   2.6424514E-02   4.9931118E-03   8.4418739E-02   9.5394937E-02   3.1796169E-02   5.1097305E-01   1.7032431E-01
    1.4198153E-02   2.2138144E-02   4.9274116E-03   6.6338697E-02   9.3516809E-02   3.1170900E-02   7.6290957E-01   2.5430316E-01
    1.4380667E-02   4.1140394E-01   1.2342118E+00   5.2502229E-01   1.5750669E+00   6.5110058E-01   1.9533017E+00   7.9015470E-01
    2.3704641E+00   9.2728056E-01   2.7818417E+00   1.0764748E+00   3.2294244E+00   1.2449441E+00   3.7348322E+00   1.4191975E+00
    4.2575925E+00   1.6055107E+00   4.8165322E+00   1.8062720E+00   5.4188161E+00   2.0169217E+00   6.0507652E+00   2.2395755E+00
    6.7187265E+00   2.2329624E+00   6.6988871E+00   2.5041588E+03   1.3492685E+02   6.0271087E+00   7.7122886E+01   1.8779219E-01
    6.5775209E-01   3.1769652E-02   2.2129159E+00   2.7978901E+00   5.8293848E-02   4.7334468E-02   1.1883160E-01   1.8963653E-02
    6.6747614E-01   5.0199303E-01   5.1072184E-02   7.7433208E-01   9.6100376E-02   3.1598929E-02   8.8304452E-02   1.2225705E-02
    3.0665391E-01   3.2951895E-01   5.1413780E-02   9.6563009E-01   2.4233450E-01   2.6570985E-02   6.4509478E-02   1.3229538E-02
    1.9387420E-01   2.5267170E-01   8.4218421E-02   1.3701086E+00   4.5670278E-01   3.8952645E-02   5.4332316E-02   1.3624576E-02
    1.6068065E-01   2.4252577E-01   8.0838496E-02   1.9720981E+00   6.5736596E-01   4.0472716E-02   1.0423929E+00   3.1271788E+00
    1.3140550E+00   3.9421650E+00   1.6170749E+00   4.8512248E+00   1.9489478E+00   5.8468434E+00   2.2882963E+00   6.8648890E+00
    2.6574798E+00   7.9724393E+00   3.0666549E+00   9.1999647E+00   3.4967186E+00   1.0490156E+01   3.9565123E+00   1.1869537E+01
    4.4493904E+00   1.3348171E+01   4.9688344E+00   1.4906503E+01   5.5177838E+00   1.6553351E+01   5.5017295E+00   1.6505189E+01
    3.7628738E+03   1.6830451E+02   9.6471176E+00   1.2844888E+02   5.5890482E-01   1.7772818E+00   7.8784994E-02   5.2629195E+00
    7.5688015E+00   1.5707702E-01   1.2654938E-01   3.3384754E-01   4.6155302E-02   1.4819578E+00   1.5033662E+00   1.3351726E-01
    2.3607231E+00   2.4229750E-01   8.6046629E-02   2.1936072E-01   3.0002426E-02   6.8966729E-01   8.8426357E-01   1.3695267E-01
    2.7170335E+00   6.0990507E-01   7.2522301E-02   1.5344583E-01   3.4594822E-02   4.4737995E-01   6.4024432E-01   2.1340156E-01
    3.5121613E+00   1.1707202E+00   1.0387572E-01   1.3007834E-01   3.5814257E-02   3.8278514E-01   6.0164592E-01   2.0054055E-01
    4.8782479E+00   1.6260825E+00   1.0708510E-01   2.5266357E+00   7.5799072E+00   3.1437699E+00   9.4313097E+00   3.8344172E+00
    1.1503251E+01   4.5934464E+00   1.3780339E+01   5.3967596E+00   1.6190279E+01   6.2706022E+00   1.8811807E+01   7.2264118E+00
    2.1679235E+01   8.2424035E+00   2.4727210E+01   9.3285100E+00   2.7985530E+01   1.0488444E+01   3.1465331E+01   1.1714551E+01
    3.5143654E+01   1.3009949E+01   3.9029848E+01   1.2972647E+01   3.8917942E+01   5.4969913E+03   2.0416675E+02   1.5043602E+01
    1.9504584E+02   1.5863083E+00   4.0866055E+00   1.9142959E-01   1.1439505E+01   1.7272908E+01   4.3401236E-01   3.2649216E-01
    8.6408154E-01   1.0993553E-01   3.1794343E+00   3.9622484E+00   3.4444402E-01   5.8160319E+00   5.9886596E-01   2.2647538E-01
    5.1651059E-01   7.3927438E-02   1.5343665E+00   2.1913802E+00   3.5176446E-01   6.8793674E+00   1.4588116E+00   1.9313404E-01
    3.5347040E-01   8.7168452E-02   1.0153498E+00   1.5367617E+00   5.1222409E-01   8.4463007E+00   2.8154330E+00   2.6377060E-01
    3.0021545E-01   8.8257350E-02   8.8150443E-01   1.4173550E+00   4.7243375E-01   1.1444874E+01   3.8149576E+00   2.6407554E-01
    5.8371033E+00   1.7511310E+01   7.1926883E+00   2.1578065E+01   8.7189777E+00   2.6156933E+01   1.0407238E+01   3.1221713E+01
    1.2236619E+01   3.6709857E+01   1.4226355E+01   4.2679064E+01   1.6384697E+01   4.9154091E+01   1.8695039E+01   5.6085116E+01
    2.1164421E+01   6.3493263E+01   2.3795198E+01   7.1385593E+01   2.6580738E+01   7.9742214E+01   2.9522426E+01   8.8567279E+01
    2.9438122E+01   8.8314365E+01   7.7645739E+03   2.4238970E+02   2.2717446E+01   2.7630367E+02   4.2036395E+00   8.2765693E+00
    4.5321817E-01   2.2533893E+01   3.4568618E+01   1.2353719E+00   8.0670677E-01   1.9981475E+00   2.5471812E-01   6.4870233E+00
    9.1148061E+00   8.7219008E-01   1.2174644E+01   1.4867907E+00   5.7135304E-01   1.1360955E+00   1.7880584E-01   3.2602246E+00
    4.9285133E+00   8.6236920E-01   1.5459221E+01   3.3512994E+00   4.9071925E-01   7.7392355E-01   2.0601679E-01   2.2103828E+00
    3.4557511E+00   1.1518545E+00   1.8907708E+01   6.3025680E+00   6.2346408E-01   6.5962523E-01   2.0247899E-01   1.9357765E+00
    3.1519570E+00   1.0506152E+00   2.5348529E+01   8.4495087E+00   6.0498273E-01   1.2823886E+01   3.8471658E+01   1.5723632E+01
    4.7170896E+01   1.9005199E+01   5.7015598E+01   2.2648896E+01   6.7946687E+01   2.6651387E+01   7.9954162E+01   3.1004077E+01
    9.3012231E+01   3.5703568E+01   1.0711071E+02   4.0752967E+01   1.2225890E+02   4.6148690E+01   1.3844607E+02   5.1888072E+01
    1.5566422E+02   5.7968891E+01   1.7390667E+02   6.4386228E+01   1.9315868E+02   6.4198132E+01   1.9259440E+02   1.0584614E+04
    2.8412628E+02   3.3254593E+01   3.7337422E+02   1.0195410E+01   1.5317672E+01   1.0497491E+00   4.0794076E+01   6.2863171E+01
    3.4765753E+00   1.9195316E+00   4.1425684E+00   5.7601383E-01   1.2549447E+01   1.8694368E+01   2.1578364E+00   2.3541980E+01
    3.7334694E+00   1.3920947E+00   2.3358337E+00   4.1911501E-01   6.5727413E+00   1.0230246E+01   2.0331187E+00   3.1948275E+01
    7.5182785E+00   1.1835688E+00   1.6161602E+00   4.5791117E-01   4.6190703E+00   7.3677801E+00   2.4558024E+00   4.0083965E+01
    1.3361319E+01   1.3800909E+00   1.3901291E+00   4.3873051E-01   4.0830284E+00   6.6975334E+00   2.2324375E+00   5.3703575E+01
    1.7901190E+01   1.3087382E+00   2.7115115E+01   8.1345345E+01   3.3198465E+01   9.9595395E+01   4.0099257E+01   1.2029777E+02
    4.7774256E+01   1.4332277E+02   5.6259235E+01   1.6877770E+02   6.5485090E+01   1.9645527E+02   7.5423789E+01   2.2627137E+02
    8.6118847E+01   2.5835654E+02   9.7543449E+01   2.9263035E+02   1.0968266E+02   3.2904797E+02   1.2254091E+02   3.6762273E+02
    1.3609610E+02   4.0828830E+02   1.3566952E+02   4.0700855E+02   1.3829060E+04   3.3025618E+02   4.6997316E+01   4.8788126E+02
    2.2097817E+01   2.6454924E+01   2.3482992E+00   6.8555630E+01   1.0561192E+02   8.8568832E+00   4.3746182E+00   7.9831131E+00
    1.2640751E+00   2.2859009E+01   3.4966972E+01   5.0825095E+00   4.3293784E+01   8.8822890E+00   3.2385917E+00   4.5234785E+00
    9.3929424E-01   1.2640471E+01   2.0018649E+01   4.5834583E+00   6.2485678E+01   1.6342148E+01   2.6943384E+00   3.2413628E+00
    9.6457733E-01   9.3072998E+00   1.5044942E+01   5.0147434E+00   8.1491438E+01   2.7163808E+01   2.8910629E+00   2.8273948E+00
    9.0854941E-01   8.3196310E+00   1.3711093E+01   4.5702234E+00   1.0974200E+02   3.6580663E+01   2.7071678E+00   5.5523365E+01
    1.6657009E+02   6.8051820E+01   2.0415546E+02   8.2256560E+01   2.4676968E+02   9.8055006E+01   2.9416502E+02   1.1554703E+02
    3.4664108E+02   1.3456261E+02   4.0368782E+02   1.5503069E+02   4.6509206E+02   1.7705898E+02   5.3117694E+02   2.0057697E+02
    6.0173091E+02   2.2554144E+02   6.7662433E+02   2.5195628E+02   7.5586884E+02   2.7975280E+02   8.3925839E+02   2.7874302E+02
    8.3622906E+02   1.6876787E+04   3.7180669E+02   6.1674431E+01   6.0363087E+02   4.1366425E+01   4.1440176E+01   4.7788048E+00
    1.0431840E+02   1.6034942E+02   1.8872171E+01   9.1071182E+00   1.4297769E+01   2.5691684E+00   3.8133738E+01   5.9306479E+01
    1.0865331E+01   7.3962465E+01   1.8184728E+01   6.8028620E+00   8.1292554E+00   1.9323152E+00   2.2783983E+01   3.6538453E+01
    9.4763026E+00   1.1442252E+02   3.2732283E+01   5.5917688E+00   6.1182474E+00   1.8889040E+00   1.7684182E+01   2.8855666E+01
    9.6181274E+00   1.5587725E+02   5.1959075E+01   5.6365975E+00   5.4328295E+00   1.7665996E+00   1.6024422E+01   2.6493624E+01
    8.8309521E+00   2.1187059E+02   7.0623523E+01   5.2618788E+00   1.0768879E+02   3.2306638E+02   1.3231059E+02   3.9693178E+02
    1.6016544E+02   4.8049632E+02   1.9111451E+02   5.7334352E+02   2.2533239E+02   6.7599717E+02   2.6252047E+02   7.8756142E+02
    3.0254664E+02   9.0763993E+02   3.4558527E+02   1.0367558E+03   3.9149187E+02   1.1744756E+03   4.4015693E+02   1.3204708E+03
    4.9153583E+02   1.4746075E+03   5.4542839E+02   1.6362852E+03   5.4292804E+02   1.6287841E+03   1.7949490E+04   3.7757134E+02
    6.9130350E+01   6.5586878E+02   6.1808270E+01   5.4371332E+01   7.9388997E+00   1.3403373E+02   2.0570473E+02   3.1553424E+01
    1.5771609E+01   2.1632648E+01   4.4189541E+00   5.5237088E+01   8.7074737E+01   1.9406152E+01   1.1085151E+02   3.0333666E+01
    1.1892886E+01   1.2815248E+01   3.3934047E+00   3.6228080E+01   5.8709039E+01   1.6678198E+01   1.8472640E+02   5.5982467E+01
    9.8858437E+00   1.0185663E+01   3.2268479E+00   2.9645061E+01   4.8698855E+01   1.6232269E+01   2.6277759E+02   8.7592517E+01
    9.6073243E+00   9.2279079E+00   3.0240628E+00   2.7288224E+01   4.5218713E+01   1.5072491E+01   3.6153546E+02   1.2051181E+02
    9.0097520E+00   1.8484372E+02   5.5453117E+02   2.2780743E+02   6.8342228E+02   2.7625952E+02   8.2877856E+02   3.3001311E+02
    9.9003932E+02   3.8927301E+02   1.1678190E+03   4.5364843E+02   1.3609453E+03   5.2294247E+02   1.5688274E+03   5.9732104E+02
    1.7919631E+03   6.7652083E+02   2.0295625E+03   7.6027346E+02   2.2808204E+03   8.4831847E+02   2.5449554E+03   9.4008351E+02
    2.8202505E+03   9.3386200E+02   2.8015860E+03   1.3178764E+04   2.7174736E+02   5.1148328E+01   4.8852974E+02   5.5502661E+01
    4.7206793E+01   8.2273426E+00   1.1528284E+02   1.7713077E+02   3.2983769E+01   1.7433135E+01   2.1918870E+01   4.9800020E+00
    5.5756291E+01   8.9342547E+01   2.2418944E+01   1.1653288E+02   3.3626690E+01   1.3595895E+01   1.4131035E+01   3.9981072E+00
    4.0383295E+01   6.6026651E+01   1.9706078E+01   2.0874394E+02   6.5062721E+01   1.1718077E+01   1.1822618E+01   3.8031052E+00
    3.4623484E+01   5.7133758E+01   1.9043831E+01   3.0835314E+02   1.0278437E+02   1.1324075E+01   1.0923353E+01   3.5963567E+00
    3.2380391E+01   5.3739795E+01   1.7912803E+01   4.2975327E+02   1.4325108E+02   1.0722880E+01   2.2108143E+02   6.6324430E+02
    2.7335996E+02   8.2007989E+02   3.3211609E+02   9.9634826E+02   3.9719215E+02   1.1915765E+03   4.6869617E+02   1.4060885E+03
    5.4631120E+02   1.6389336E+03   6.2982055E+02   1.8894617E+03   7.1920449E+02   2.1576135E+03   8.1406432E+02   2.4421930E+03
    9.1386331E+02   2.7415899E+03   1.0178569E+03   3.0535706E+03   1.1247390E+03   3.3742171E+03   1.1123143E+03   3.3369430E+03
    4.1072974E+03   8.4147653E+01   1.5133638E+01   1.5242859E+02   1.8064958E+01   1.7159882E+01   3.3672736E+00   4.2250026E+01
    6.5452398E+01   1.3393639E+01   7.6352526E+00   9.3988242E+00   2.2731526E+00   2.4479536E+01   3.9900251E+01   1.0392981E+01
    5.3249511E+01   1.5243090E+01   6.2654351E+00   6.6815341E+00   1.9339969E+00   1.9292509E+01   3.1743641E+01   9.5898566E+00
    1.0083829E+02   3.1520744E+01   5.6968033E+00   5.8199644E+00   1.8852472E+00   1.7127122E+01   2.8335702E+01   9.4448899E+00
    1.5306047E+02   5.1020149E+01   5.6229840E+00   5.4668546E+00   1.8045869E+00   1.6239196E+01   2.6977474E+01   8.9922778E+00
    2.1580455E+02   7.1934844E+01   5.3859457E+00   1.1165738E+02   3.3497215E+02   1.3850066E+02   4.1550199E+02   1.6858532E+02
    5.0575595E+02   2.0185546E+02   6.0556637E+02   2.3830544E+02   7.1491631E+02   2.7781988E+02   8.3345965E+02   3.2027246E+02
    9.6081737E+02   3.6552568E+02   1.0965770E+03   4.1327123E+02   1.2398137E+03   4.6302435E+02   1.3890730E+03   5.1401282E+02
    1.5420385E+03   5.6494335E+02   1.6948300E+03   5.5388945E+02   1.6616683E+03   5.8246814E+02   1.2126033E+01   2.2832482E+00
    2.2790629E+01   2.9865343E+00   3.1213789E+00   6.8336058E-01   7.8816503E+00   1.2523979E+01   2.7318201E+00   1.6394484E+00
    1.9510821E+00   4.9995866E-01   5.2654030E+00   8.6136721E+00   2.3182191E+00   1.1916280E+01   3.3453789E+00   1.3814070E+00
    1.5070594E+00   4.4521960E-01   4.3878569E+00   7.2466602E+00   2.2175429E+00   2.3132332E+01   7.2598651E+00   1.3168250E+00
    1.3531161E+00   4.4077201E-01   3.9970777E+00   6.6243696E+00   2.2080522E+00   3.5797705E+01   1.1932567E+01   1.3163912E+00
    1.2869194E+00   4.2563111E-01   3.8292659E+00   6.3656767E+00   2.1218477E+00   5.0928510E+01   1.6976169E+01   1.2713974E+00
    2.6479608E+01   7.9438824E+01   3.2942324E+01   9.8826972E+01   4.0172868E+01   1.2051860E+02   4.8159658E+01   1.4447897E+02
    5.6891646E+01   1.7067494E+02   6.6340690E+01   1.9902207E+02   7.6464340E+01   2.2939302E+02   8.7196679E+01   2.6159004E+02
    9.8418458E+01   2.9525537E+02   1.0992963E+02   3.2978888E+02   1.2139440E+02   3.6418320E+02   1.3225018E+02   3.9675055E+02
    1.2778536E+02   3.8335608E+02   1.9864402E+02   4.3903133E+00   8.3782306E-01   8.5565396E+00   1.1111171E+00   1.2924867E+00
    2.9313329E-01   3.3370022E+00   5.2693956E+00   1.1824863E+00   7.0681384E-01   8.6764709E-01   2.2770600E-01   2.3883306E+00
    3.9115623E+00   1.0721496E+00   5.4428716E+00   1.5420608E+00   6.3696677E-01   7.0382391E-01   2.1110256E-01   2.0598609E+00
    3.4082061E+00   1.0539621E+00   1.0879233E+01   3.4403674E+00   6.2629408E-01   6.4410095E-01   2.1053915E-01   1.9072554E+00
    3.1639093E+00   1.0546058E+00   1.7096340E+01   5.6987794E+00   6.2924472E-01   6.1767266E-01   2.0458031E-01   1.8400366E+00
    3.0601187E+00   1.0200202E+00   2.4480900E+01   8.1602997E+00   6.1146524E-01   1.2772509E+01   3.8317527E+01   1.5922337E+01
    4.7767010E+01   1.9441727E+01   5.8325182E+01   2.3324668E+01   6.9974005E+01   2.7560957E+01   8.2682870E+01   3.2133076E+01
    9.6399229E+01   3.7009922E+01   1.1102977E+02   4.2136734E+01   1.2641020E+02   4.7418155E+01   1.4225447E+02   5.2688008E+01
    1.5806403E+02   5.7660612E+01   1.7298184E+02   6.1863239E+01   1.8558972E+02   5.8277899E+01   1.7483370E+02   6.8595081E+02
    1.5018367E+01   2.9661466E+00   3.0184519E+01   4.1990196E+00   4.7963656E+00   1.1231919E+00   1.2509492E+01   1.9894290E+01
    4.7273784E+00   2.8050109E+00   3.3127500E+00   9.1248419E-01   9.2629389E+00   1.5227751E+01   4.3882088E+00   2.1208969E+01
    6.2664096E+00   2.6173534E+00   2.7726791E+00   8.5963961E-01   8.1415706E+00   1.3488618E+01   4.2812149E+00   4.3097099E+01
    1.3862970E+01   2.5538896E+00   2.5689096E+00   8.4435139E-01   7.6182747E+00   1.2649846E+01   4.2164970E+00   6.8330389E+01
    2.2776794E+01   2.5217910E+00   2.4717255E+00   8.1951759E-01   7.3667106E+00   1.2254598E+01   4.0847913E+00   9.8033095E+01
    3.2677697E+01   2.4493950E+00   5.1196744E+01   1.5359023E+02   6.3853729E+01   1.9156119E+02   7.7979136E+01   2.3393741E+02
    9.3534126E+01   2.8060238E+02   1.1044479E+02   3.3133437E+02   1.2858131E+02   3.8574394E+02   1.4770293E+02   4.4310880E+02
    1.6736682E+02   5.0210045E+02   1.8677383E+02   5.6032149E+02   2.0450200E+02   6.1350600E+02   2.1815856E+02   6.5447569E+02
    2.2417639E+02   6.7252916E+02   1.9710227E+02   5.9130682E+02   4.6742423E+03   1.0242767E+02   2.2519798E+01   2.1320140E+02
    4.0847468E+01   3.7296486E+01   9.7654047E+00   9.9544617E+01   1.6142796E+02   4.4164724E+01   2.6147818E+01   2.7024305E+01
    8.1391326E+00   7.7129548E+01   1.2727122E+02   3.9778465E+01   1.7774494E+02   5.6159094E+01   2.3791255E+01   2.3499518E+01
    7.5661140E+00   6.9220824E+01   1.1481758E+02   3.7561347E+01   3.6721437E+02   1.2066380E+02   2.2480562E+01   2.2031619E+01
    7.2769091E+00   6.5429510E+01   1.0873543E+02   3.6244184E+01   5.8720353E+02   1.9573449E+02   2.1715122E+01   2.1261992E+01
    7.0556771E+00   6.3398647E+01   1.0548834E+02   3.5162171E+01   8.4386044E+02   2.8128680E+02   2.1088764E+01   4.4111932E+02
    1.3233580E+03   5.5037706E+02   1.6511312E+03   6.7192427E+02   2.0157728E+03   8.0492905E+02   2.4147871E+03   9.4774208E+02
    2.8432262E+03   1.0971522E+03   3.2914565E+03   1.2468616E+03   3.7405849E+03   1.3847535E+03   4.1542604E+03   1.4889109E+03
    4.4667326E+03   1.5249792E+03   4.5749376E+03   1.4539347E+03   4.3618040E+03   1.2602038E+03   3.7806115E+03   8.8611975E+02
    2.6583592E+03   9.4366439E+03   2.2239515E+02   5.3140036E+01   4.7419537E+02   1.1333326E+02   9.0332840E+01   2.5796732E+01
    2.4575312E+02   4.0123099E+02   1.2066296E+02   7.1749894E+01   6.8263273E+01   2.1485564E+01   1.9686743E+02   3.2536745E+02
    1.0543236E+02   4.5488495E+02   1.4810267E+02   6.3111364E+01   6.0615063E+01   1.9792457E+01   1.7887664E+02   2.9686633E+02
    9.8187753E+01   9.4971319E+02   3.1466489E+02   5.8820667E+01   5.7209362E+01   1.8930876E+01   1.7005286E+02   2.8271163E+02
    9.4234887E+01   1.5266090E+03   5.0886961E+02   5.6489865E+01   5.5348489E+01   1.8374817E+01   1.6510377E+02   2.7475101E+02
    9.1582179E+01   2.1978866E+03   7.3262884E+02   5.4929914E+01   1.1500932E+03   3.4502796E+03   1.4353417E+03   4.3060252E+03
    1.7511635E+03   5.2534906E+03   2.0933086E+03   6.2799258E+03   2.4529500E+03   7.3588499E+03   2.8118719E+03   8.4356158E+03
    3.1332807E+03   9.3998421E+03   3.3486385E+03   1.0045916E+04   3.3536706E+03   1.0061012E+04   3.0518467E+03   9.1555402E+03
    2.4610123E+03   7.3830370E+03   1.7579145E+03   5.2737435E+03   1.0314426E+03   3.0943278E+03   1.1349638E+04   3.0036361E+02
    7.5573777E+01   6.5543454E+02   1.7528732E+02   1.3273235E+02   3.9698654E+01   3.6584823E+02   5.9883795E+02   1.8844101E+02
    1.1237386E+02   1.0345887E+02   3.3177670E+01   3.0009333E+02   4.9637898E+02   1.6311754E+02   6.9432271E+02   2.2871148E+02
    9.7679766E+01   9.3062989E+01   3.0556482E+01   2.7499014E+02   4.5653680E+02   1.5159928E+02   1.4606463E+03   4.8543589E+02
    9.0850755E+01   8.8243114E+01   2.9226581E+01   2.6247490E+02   4.3645864E+02   1.4548285E+02   2.3567595E+03   7.8558645E+02
    8.7230164E+01   8.5553456E+01   2.8410411E+01   2.5528995E+02   4.2487114E+02   1.4162153E+02   3.3987851E+03   1.1329283E+03
    8.4945469E+01   1.7799731E+03   5.3399194E+03   2.2214615E+03   6.6643845E+03   2.7071731E+03   8.1215192E+03   3.2260035E+03
    9.6780104E+03   3.7539144E+03   1.1261743E+04   4.2397900E+03   1.2719370E+04   4.5824209E+03   1.3747263E+04   4.6173116E+03
    1.3851935E+04   4.1825655E+03   1.2547697E+04   3.3061353E+03   9.9184060E+03   2.2835980E+03   6.8507939E+03   1.4269391E+03
    4.2808174E+03   7.6085596E+02   2.2825679E+03   1.0741920E+04   3.3555772E+02   8.7742627E+01   7.5109338E+02   2.1452650E+02
    1.5984959E+02   4.9116900E+01   4.4498313E+02   7.2950632E+02   2.3511414E+02   1.4041465E+02   1.2779437E+02   4.1385637E+01
    3.7219199E+02   6.1600988E+02   2.0377583E+02   8.6194466E+02   2.8549077E+02   1.2206115E+02   1.1612964E+02   3.8243067E+01
    3.4355035E+02   5.7053136E+02   1.8979820E+02   1.8254294E+03   6.0752471E+02   1.1376748E+02   1.1056716E+02   3.6643712E+01
    3.2907733E+02   5.4730646E+02   1.8243155E+02   2.9552728E+03   9.8509086E+02   1.0939833E+02   1.0741406E+02   3.5678380E+01
    3.2062009E+02   5.3364160E+02   1.7787794E+02   4.2689087E+03   1.4229695E+03   1.0669478E+02   2.2371865E+03   6.7115596E+03
    2.7910832E+03   8.3732496E+03   3.3946477E+03   1.0183943E+04   4.0248792E+03   1.2074638E+04   4.6302183E+03   1.3890655E+04
    5.1010284E+03   1.5303085E+04   5.2399800E+03   1.5719940E+04   4.8176765E+03   1.4453030E+04   3.8170613E+03   1.1451184E+04
    2.5986975E+03   7.7960925E+03   1.5808086E+03   4.7424259E+03   9.0473514E+02   2.7142054E+03   4.5715479E+02   1.3714644E+03
    8.6090518E+03   3.3304098E+02   8.9794586E+01   7.6442065E+02   2.2740001E+02   1.6946948E+02   5.2943831E+01   4.7528472E+02
    7.8016853E+02   2.5482370E+02   1.5230347E+02   1.3830316E+02   4.5045450E+01   4.0400943E+02   6.6902253E+02   2.2207052E+02
    9.3630954E+02   3.1100104E+02   1.3304776E+02   1.2673585E+02   4.1812583E+01   3.7532868E+02   6.2347576E+02   2.0760177E+02
    1.9948662E+03   6.6438792E+02   1.2445768E+02   1.2111521E+02   4.0159728E+01   3.6067385E+02   5.9994921E+02   1.9997904E+02
    3.2395131E+03   1.0798376E+03   1.1993108E+02   1.1788254E+02   3.9163486E+01   3.5196190E+02   5.8584675E+02   1.9527954E+02
    4.6865367E+03   1.5621789E+03   1.1713472E+02   2.4571043E+03   7.3713129E+03   3.0626566E+03   9.1879698E+03   3.7128062E+03
    1.1138419E+04   4.3663429E+03   1.3099029E+04   4.9291569E+03   1.4787471E+04   5.2112721E+03   1.5633816E+04   4.9415758E+03
    1.4824727E+04   4.0055688E+03   1.2016706E+04   2.7365824E+03   8.2097472E+03   1.6383650E+03   4.9150951E+03   9.1274143E+02
    2.7382243E+03   4.9570406E+02   1.4871122E+03   2.4316035E+02   7.2948104E+02   6.1953068E+03   3.0990495E+02   8.5730400E+01
    7.2812270E+02   2.2256684E+02   1.6721126E+02   5.2847215E+01   4.7178031E+02   7.7533733E+02   2.5540783E+02   1.5273901E+02
    1.3887493E+02   4.5404482E+01   4.0665329E+02   6.7373692E+02   2.2408194E+02   9.4300447E+02   3.1374943E+02   1.3427581E+02
    1.2818992E+02   4.2348476E+01   3.8001587E+02   6.3142357E+02   2.1035838E+02   2.0203232E+03   6.7314228E+02   1.2612425E+02
    1.2292927E+02   4.0778722E+01   3.6626677E+02   6.0933714E+02   2.0310857E+02   3.2902045E+03   1.0967348E+03   1.2181513E+02
    1.1985279E+02   3.9824539E+01   3.5792204E+02   5.9579784E+02   1.9859663E+02   4.7661486E+03   1.5887161E+03   1.1912598E+02
    2.4989724E+03   7.4969172E+03   3.1092653E+03   9.3277959E+03   3.7488938E+03   1.1246681E+04   4.3493422E+03   1.3048027E+04
    4.7563383E+03   1.4269015E+04   4.7009577E+03   1.4102873E+04   3.9649601E+03   1.1894880E+04   2.7647960E+03   8.2943880E+03
    1.6459454E+03   4.9378362E+03   8.9588452E+02   2.6876536E+03   4.7199160E+02   1.4159748E+03   2.4858582E+02   7.4575745E+02
    1.1990432E+02   3.5971296E+02   4.2611807E+03   2.8350257E+02   8.0144866E+01   6.8033556E+02   2.1202980E+02   1.6123133E+02
    5.1403427E+01   4.5729561E+02   7.5238406E+02   2.4928411E+02   1.4915086E+02   1.3601354E+02   4.4590747E+01   3.9909727E+02
    6.6153296E+02   2.2028209E+02   9.2596765E+02   3.0839011E+02   1.3201755E+02   1.2637636E+02   4.1791896E+01   3.7499092E+02
    6.2322325E+02   2.0768942E+02   1.9941063E+03   6.6456719E+02   1.2453438E+02   1.2157868E+02   4.0345482E+01   3.6241306E+02
    6.0299942E+02   2.0099628E+02   3.2559892E+03   1.0853297E+03   1.2055331E+02   1.1871049E+02   3.9449306E+01   3.5456077E+02
    5.9021844E+02   1.9673690E+02   4.7215185E+03   1.5738394E+03   1.1801129E+02   2.4742763E+03   7.4228289E+03   3.0687130E+03
    9.2061390E+03   3.6666193E+03   1.0999858E+04   4.1575740E+03   1.2472722E+04   4.3112252E+03   1.2933676E+04   3.8409190E+03
    1.1522757E+04   2.7872654E+03   8.3617962E+03   1.6726860E+03   5.0180580E+03   8.9419509E+02   2.6825853E+03   4.5711742E+02
    1.3713523E+03   2.3287520E+02   6.9862559E+02   1.2047928E+02   3.6143785E+02   5.7547318E+01   1.7264195E+02   2.9583586E+03
    2.6430253E+02   7.6090264E+01   6.4652502E+02   2.0428418E+02   1.5768609E+02   5.0595663E+01   4.4936304E+02   7.4012160E+02
    2.4608184E+02   1.4729170E+02   1.3493093E+02   4.4324161E+01   3.9665666E+02   6.5778206E+02   2.1916900E+02   9.2074048E+02
    3.0681304E+02   1.3136545E+02   1.2612992E+02   4.1743538E+01   3.7458492E+02   6.2268586E+02   2.0754274E+02   1.9924045E+03
    6.6408393E+02   1.2445421E+02   1.2169678E+02   4.0397011E+01   3.6291273E+02   6.0389211E+02   2.0129404E+02   3.2608180E+03
    1.0869393E+03   1.2073536E+02   1.1896242E+02   3.9534434E+01   3.5532490E+02   5.9148571E+02   1.9715929E+02   4.7316528E+03
    1.5772175E+03   1.1826451E+02   2.4761365E+03   7.4284094E+03   3.0543011E+03   9.1629032E+03   3.5943055E+03   1.0782916E+04
    3.9209438E+03   1.1762831E+04   3.7327035E+03   1.1198111E+04   2.8810921E+03   8.6432763E+03   1.7771933E+03   5.3315799E+03
    9.4150614E+02   2.8245184E+03   4.6768845E+02   1.4030654E+03   2.3006939E+02   6.9020817E+02   1.1491383E+02   3.4474150E+02
    5.8832168E+01   1.7649650E+02   2.7938429E+01   8.3815287E+01   2.1345644E+03   2.5508479E+02   7.4544225E+01   6.3505380E+02
    2.0245592E+02   1.5907788E+02   5.1272862E+01   4.5532214E+02   7.5068953E+02   2.5000273E+02   1.4967993E+02   1.3793736E+02
    4.5379598E+01   4.0619172E+02   6.7387767E+02   2.2459027E+02   9.4328634E+02   3.1439608E+02   1.3462755E+02   1.2966649E+02
    4.2941339E+01   3.8539668E+02   6.4078809E+02   2.1358985E+02   2.0503418E+03   6.8343066E+02   1.2808668E+02   1.2543873E+02
    4.1649279E+01   3.7419530E+02   6.2271454E+02   2.0756824E+02   3.3624610E+03   1.1208203E+03   1.2450090E+02   1.2270905E+02
    4.0776749E+01   3.6647095E+02   6.1000429E+02   2.0333193E+02   4.8797810E+03   1.6265936E+03   1.2196549E+02   2.5466955E+03
    7.6400864E+03   3.1125552E+03   9.3376655E+03   3.5697288E+03   1.0709186E+04   3.6514332E+03   1.0954299E+04   3.0604365E+03
    9.1813094E+03   1.9918461E+03   5.9755382E+03   1.0615410E+03   3.1846229E+03   5.1437654E+02   1.5431296E+03   2.4401959E+02
    7.3205876E+02   1.1732693E+02   3.5198080E+02   5.7921913E+01   1.7376574E+02   2.9468826E+01   8.8406479E+01   1.3944582E+01
    4.1833747E+01   1.6141928E+03   2.5511307E+02   7.5495441E+01   6.4562686E+02   2.0699847E+02   1.6582508E+02   5.3628932E+01
    4.7659048E+02   7.8649827E+02   2.6207995E+02   1.5694389E+02   1.4558787E+02   4.7955031E+01   4.2940991E+02   7.1267842E+02
    2.3754239E+02   9.9761285E+02   3.3252723E+02   1.4240332E+02   1.3757747E+02   4.5585734E+01   4.0920941E+02   6.8050505E+02
    2.2683308E+02   2.1774396E+03   7.2580786E+02   1.3603401E+02   1.3339943E+02   4.4300180E+01   3.9803603E+02   6.6241970E+02
    2.2080318E+02   3.5768617E+03   1.1922872E+03   1.3244059E+02   1.3051487E+02   4.3361152E+01   3.8964709E+02   6.4849562E+02
    2.1616186E+02   5.1876656E+03   1.7292218E+03   1.2965737E+02   2.6943130E+03   8.0829390E+03   3.2422720E+03   9.7268159E+03
    3.5600141E+03   1.0680042E+04   3.2879601E+03   9.8638802E+03   2.3306132E+03   6.9918396E+03   1.2806137E+03   3.8418410E+03
    6.1058508E+02   1.8317552E+03   2.7933269E+02   8.3799807E+02   1.2890501E+02   3.8671502E+02   6.1145926E+01   1.8343778E+02
    2.9976153E+01   8.9928459E+01   1.5192489E+01   4.5577467E+01   7.1730692E+00   2.1519207E+01   1.2979686E+03   2.6420051E+02
    7.9014972E+01   6.7851251E+02   2.1838325E+02   1.7822936E+02   5.7797500E+01   5.1413514E+02   8.4917838E+02   2.8301155E+02
    1.6950779E+02   1.5823496E+02   5.2174516E+01   4.6738267E+02   7.7597423E+02   2.5864575E+02   1.0862275E+03   3.6207125E+02
    1.5506569E+02   1.5022534E+02   4.9798848E+01   4.4710928E+02   7.4364558E+02   2.4788102E+02   2.3794861E+03   7.9315965E+02
    1.4866161E+02   1.4593134E+02   4.8465957E+01   4.3547330E+02   7.2472755E+02   2.4157214E+02   3.9133047E+03   1.3044348E+03
    1.4489807E+02   1.4268389E+02   4.7384147E+01   4.2569865E+02   7.0833113E+02   2.3610609E+02   5.6662655E+03   1.8887551E+03
    1.4161268E+02   2.9200325E+03   8.7600974E+03   3.4279189E+03   1.0283757E+04   3.5157505E+03   1.0547251E+04   2.8208475E+03
    8.4625426E+03   1.6721023E+03   5.0163069E+03   8.0268522E+02   2.4080557E+03   3.5609189E+02   1.0682757E+03   1.5750184E+02
    4.7250552E+02   7.1543722E+01   2.1463117E+02   3.3672640E+01   1.0101792E+02   1.6439714E+01   4.9319143E+01   8.3126895E+00
    2.4938069E+01   3.9194326E+00   1.1758298E+01   1.2839255E+03   2.6474583E+02   7.9217648E+01   6.8041427E+02   2.1902723E+02
    1.7892998E+02   5.8032270E+01   5.1625332E+02   8.5271396E+02   2.8418956E+02   1.7021483E+02   1.5894751E+02   5.2412135E+01
    4.6952155E+02   7.7953939E+02   2.5983408E+02   1.0912186E+03   3.6373489E+02   1.5577870E+02   1.5093753E+02   5.0036040E+01
    4.4924300E+02   7.4720009E+02   2.4906585E+02   2.3908603E+03   7.9695102E+02   1.4937243E+02   1.4663592E+02   4.8700054E+01
    4.3757656E+02   7.2822715E+02   2.4273865E+02   3.9322012E+03   1.3107337E+03   1.4559772E+02   1.4336419E+02   4.7608655E+01
    4.2770868E+02   7.1166415E+02   2.3721703E+02   5.6929240E+03   1.8976412E+03   1.4227848E+02   2.9322175E+03   8.7966525E+03
    3.4364273E+03   1.0309282E+04   3.5085128E+03   1.0525538E+04   2.7909815E+03   8.3729446E+03   1.6389300E+03   4.9167900E+03
    7.8195405E+02   2.3458621E+03   3.4585731E+02   1.0375719E+03   1.5276745E+02   4.5830234E+02   6.9349127E+01   2.0804738E+02
    3.2629387E+01   9.7888160E+01   1.5927673E+01   4.7783018E+01   8.0530012E+00   2.4159004E+01   3.7967714E+00   1.1390314E+01
 DHeI population
    2.2769677E+07   2.3074955E+07   3.0273091E+07   4.3266347E+07   6.5172572E+07   1.0142228E+08   1.6120413E+08   2.5879074E+08
    4.1854737E+08   6.7705005E+08   1.0981118E+09   1.7733591E+09   2.8639776E+09   4.5945835E+09   7.3471149E+09   1.1655779E+10
    1.8318658E+10   2.8522120E+10   4.3695316E+10   6.5512431E+10   9.4952893E+10   1.2784900E+11   1.4744158E+11   1.1586256E+11
    4.0931250E+10   7.6165850E+09   2.8399203E+09   6.7463618E+09   2.6022642E+10   4.0900853E+10   4.4617488E+10   4.1475136E+10
    3.4753408E+10   2.7408963E+10   2.1260529E+10   1.6795693E+10   1.3728328E+10   1.1635411E+10   1.0296103E+10   1.0233145E+10
 He2 populations
 Number of Helium II levels:  30
He2 oscillator date:         12-OCT-1995
    2.2769677E+07   1.3686927E-04   1.1750061E-10   1.2805883E-10   1.4295101E-10   1.8331763E-10   2.4875427E-10   3.0292668E-10
    3.8603074E-10   4.9942630E-10   6.0764107E-10   7.2719555E-10   8.6189668E-10   9.9140001E-10   1.1337706E-09   1.2672636E-09
    1.4328669E-09   1.6114981E-09   1.8232686E-09   2.0515304E-09   2.3053026E-09   2.5674400E-09   2.8464148E-09   3.1424515E-09
    3.4557650E-09   3.7865614E-09   4.1350386E-09   4.5013870E-09   4.8857896E-09   5.2884232E-09   2.3074955E+07   1.4140555E-04
    1.2279562E-10   1.3331986E-10   1.4871178E-10   1.9053292E-10   2.5847835E-10   3.1438177E-10   4.0039573E-10   5.1753265E-10
    6.2963910E-10   7.5342065E-10   8.9288080E-10   1.0267983E-09   1.1740090E-09   1.3117381E-09   1.4829074E-09   1.6675271E-09
    1.8866589E-09   2.1228618E-09   2.3856495E-09   2.6569284E-09   2.9456321E-09   3.2519928E-09   3.5762332E-09   3.9185664E-09
    4.2791974E-09   4.6583230E-09   5.0561328E-09   5.4728096E-09   3.0273091E+07   2.7430528E-04   2.9461923E-10   2.9952256E-10
    3.2841475E-10   4.1246282E-10   5.5647998E-10   6.5977191E-10   8.3060697E-10   1.0518842E-09   1.2808387E-09   1.5294393E-09
    1.8093765E-09   2.0684854E-09   2.3526681E-09   2.6019126E-09   2.9290045E-09   3.2810135E-09   3.7122290E-09   4.1773779E-09
    4.7044328E-09   5.2397864E-09   5.8095481E-09   6.4141778E-09   7.0541155E-09   7.7297835E-09   8.4415868E-09   9.1899150E-09
    9.9751432E-09   1.0797633E-08   4.3266347E+07   6.6008775E-04   9.7031303E-10   9.1224486E-10   9.8408812E-10   1.2067638E-09
    1.6197791E-09   1.8594875E-09   2.3071429E-09   2.8450178E-09   3.4679169E-09   4.1290680E-09   4.8729991E-09   5.5264361E-09
    6.2406547E-09   6.8061707E-09   7.6164157E-09   8.4854080E-09   9.5989691E-09   1.0801264E-08   1.2197428E-08   1.3584973E-08
    1.5061668E-08   1.6628702E-08   1.8287214E-08   2.0038296E-08   2.1882998E-08   2.3822326E-08   2.5857252E-08   2.7988711E-08
    6.5172572E+07   1.7987907E-03   3.9278732E-09   3.4129579E-09   3.6512011E-09   4.3794023E-09   5.8683324E-09   6.5275510E-09
    7.9902857E-09   9.6045750E-09   1.1714171E-08   1.3905670E-08   1.6369693E-08   1.8424025E-08   2.0661141E-08   2.2239541E-08
    2.4741034E-08   2.7413781E-08   3.0991014E-08   3.4855718E-08   3.9443865E-08   4.3913324E-08   4.8668949E-08   5.3714512E-08
    5.9053629E-08   6.4689767E-08   7.0626253E-08   7.6866290E-08   8.3412957E-08   9.0269226E-08   1.0142228E+08   5.2756929E-03
    1.8152020E-08   1.4594003E-08   1.5645395E-08   1.8429737E-08   2.4769429E-08   2.6828068E-08   3.2514697E-08   3.8348424E-08
    4.6743832E-08   5.5351954E-08   6.5025253E-08   7.2835868E-08   8.1319295E-08   8.6873023E-08   9.6274908E-08   1.0629331E-07
    1.2000370E-07   1.3481360E-07   1.5258459E-07   1.6971381E-07   1.8793068E-07   2.0724912E-07   2.2768250E-07   2.4924363E-07
    2.7194483E-07   2.9579793E-07   3.2081435E-07   3.4700507E-07   1.6120413E+08   1.6153587E-02   9.1142782E-08   6.7703754E-08
    7.3478428E-08   8.5298425E-08   1.1550761E-07   1.2246589E-07   1.4754225E-07   1.7214163E-07   2.0939013E-07   2.4754680E-07
    2.9041542E-07   3.2503814E-07   3.6262511E-07   3.8752811E-07   4.2918647E-07   4.7355445E-07   5.3363948E-07   5.9847234E-07
    6.7587790E-07   7.5069034E-07   8.3019236E-07   9.1444131E-07   1.0034922E-06   1.0973979E-06   1.1962093E-06   1.2999751E-06
    1.4087426E-06   1.5225571E-06   2.5879074E+08   5.0113674E-02   4.7433933E-07   3.2383766E-07   3.5912924E-07   4.1163876E-07
    5.6388286E-07   5.8737389E-07   7.0569185E-07   8.2025275E-07   9.9436097E-07   1.1746768E-06   1.3772800E-06   1.5461281E-06
    1.7297321E-06   1.8627295E-06   2.0679644E-06   2.2869264E-06   2.5720060E-06   2.8790628E-06   3.2386572E-06   3.5915160E-06
    3.9661665E-06   4.3628602E-06   4.7818388E-06   5.2233348E-06   5.6875717E-06   6.1747648E-06   6.6851216E-06   7.2188421E-06
    4.1854737E+08   1.5591034E-01   2.5177661E-06   1.5641864E-06   1.7886459E-06   2.0252666E-06   2.8167927E-06   2.8877210E-06
    3.4674736E-06   4.0361617E-06   4.8730993E-06   5.7576308E-06   6.7518622E-06   7.6250167E-06   8.5773442E-06   9.3560605E-06
    1.0435695E-05   1.1591150E-05   1.3013848E-05   1.4543018E-05   1.6282249E-05   1.8030801E-05   1.9885828E-05   2.1848487E-05
    2.3919894E-05   2.6101123E-05   2.8393206E-05   3.0797139E-05   3.3313881E-05   3.5944356E-05   6.7705005E+08   4.7577735E-01
    1.3244999E-05   7.3761194E-06   8.7706809E-06   9.8077892E-06   1.3896213E-05   1.4032704E-05   1.6867162E-05   1.9736441E-05
    2.3746455E-05   2.8091628E-05   3.2978483E-05   3.7528870E-05   4.2508947E-05   4.7071941E-05   5.2808213E-05   5.8968832E-05
    6.6121870E-05   7.3794424E-05   8.2233509E-05   9.0963646E-05   1.0021922E-04   1.1000565E-04   1.2032816E-04   1.3119180E-04
    1.4260141E-04   1.5456166E-04   1.6707706E-04   1.8015192E-04   1.0981118E+09   1.4221098E+00   6.9570437E-05   3.3898102E-05
    4.2223006E-05   4.6611021E-05   6.7483421E-05   6.7189781E-05   8.0949978E-05   9.5509050E-05   1.1476457E-04   1.3612423E-04
    1.6016340E-04   1.8369248E-04   2.0952326E-04   2.3536450E-04   2.6555023E-04   2.9806920E-04   3.3388498E-04   3.7222942E-04
    4.1304172E-04   4.5647578E-04   5.0249771E-04   5.5113297E-04   6.0240609E-04   6.5634074E-04   7.1295969E-04   7.7228485E-04
    8.3433729E-04   8.9913726E-04   1.7733591E+09   4.0638420E+00   3.5826805E-04   1.4749157E-04   1.9288586E-04   2.1031404E-04
    3.1171822E-04   3.0675027E-04   3.7090473E-04   4.4239667E-04   5.3273057E-04   6.3447302E-04   7.4906237E-04   8.6456175E-04
    9.9164218E-04   1.1260014E-03   1.2760540E-03   1.4380590E-03   1.6092016E-03   1.7921135E-03   1.9814499E-03   2.1878318E-03
    2.4063810E-03   2.6372110E-03   2.8804312E-03   3.1361469E-03   3.4044593E-03   3.6854660E-03   3.9792600E-03   4.2859309E-03
    2.8639776E+09   1.1102391E+01   1.8484713E-03   6.1373356E-04   8.3714783E-04   9.0343609E-04   1.3704257E-03   1.3400965E-03
    1.6285883E-03   1.9683314E-03   2.3833618E-03   2.8528661E-03   3.3820109E-03   3.9186237E-03   4.5097428E-03   5.1511074E-03
    5.8528533E-03   6.6113839E-03   7.3889707E-03   8.2186856E-03   9.0597337E-03   9.9927094E-03   1.0979975E-02   1.2022000E-02
    1.3119239E-02   1.4272127E-02   1.5481085E-02   1.6746513E-02   1.8068793E-02   1.9448288E-02   4.5945835E+09   2.8396161E+01
    9.3966605E-03   2.4002092E-03   3.3483862E-03   3.5959276E-03   5.5586335E-03   5.4532587E-03   6.6707030E-03   8.1780974E-03
    9.9703932E-03   1.1989650E-02   1.4266590E-02   1.6549949E-02   1.9065661E-02   2.1805089E-02   2.4794108E-02   2.8025684E-02
    3.1276341E-02   3.4739580E-02   3.8204089E-02   4.2086844E-02   4.6191932E-02   5.0521094E-02   5.5076013E-02   5.9858301E-02
    6.4869497E-02   7.0111064E-02   7.5584380E-02   8.1290735E-02   7.3471149E+09   6.8449335E+01   4.7643117E-02   9.0258188E-03
    1.2427914E-02   1.3410559E-02   2.0916933E-02   2.0903343E-02   2.5771425E-02   3.2001057E-02   3.9229355E-02   4.7310327E-02
    5.6425316E-02   6.5403343E-02   7.5288243E-02   8.5959807E-02   9.7678553E-02   1.1034137E-01   1.2294891E-01   1.3636072E-01
    1.4968903E-01   1.6468605E-01   1.8052559E-01   1.9721342E-01   2.1475509E-01   2.3315588E-01   2.5242077E-01   2.7255441E-01
    2.9356111E-01   3.1544472E-01   1.1655779E+10   1.5604898E+02   2.3768157E-01   3.3259492E-02   4.2789286E-02   4.7029959E-02
    7.2839483E-02   7.5538086E-02   9.3885313E-02   1.1748663E-01   1.4434792E-01   1.7415321E-01   2.0777301E-01   2.4038036E-01
    2.7623307E-01   3.1448627E-01   3.5683320E-01   4.0254128E-01   4.4785127E-01   4.9597809E-01   5.4371386E-01   5.9739621E-01
    6.5402879E-01   7.1362834E-01   7.7621080E-01   8.4179107E-01   9.1038285E-01   9.8199842E-01   1.0566484E+00   1.1343415E+00
    1.8318658E+10   3.4189276E+02   1.1618002E+00   1.2916255E-01   1.4095742E-01   1.5883637E-01   2.3844414E-01   2.6162382E-01
    3.2757197E-01   4.1058311E-01   5.0382614E-01   6.0667156E-01   7.2257839E-01   8.3410746E-01   9.5644786E-01   1.0855805E+00
    1.2294449E+00   1.3844928E+00   1.5382709E+00   1.7013688E+00   1.8634588E+00   2.0449753E+00   2.2362354E+00   2.4372813E+00
    2.6481525E+00   2.8688839E+00   3.0995053E+00   3.3400403E+00   3.5905046E+00   3.8509050E+00   2.8522120E+10   7.3044602E+02
    5.5099226E+00   6.1780683E-01   4.8261081E-01   5.3849111E-01   7.6171889E-01   8.8735582E-01   1.1162309E+00   1.3943988E+00
    1.7035725E+00   2.0432023E+00   2.4253020E+00   2.7931726E+00   3.1955148E+00   3.6169304E+00   4.0878422E+00   4.5944293E+00
    5.0993027E+00   5.6340731E+00   6.1683270E+00   6.7623399E+00   7.3874906E+00   8.0438695E+00   8.7315524E+00   9.4505963E+00
    1.0201034E+01   1.0982869E+01   1.1796069E+01   1.2640554E+01   4.3695316E+10   1.5160023E+03   2.4151815E+01   3.7948734E+00
    2.0573833E+00   1.9955433E+00   2.5467056E+00   3.0281997E+00   3.7789020E+00   4.6740156E+00   5.6635828E+00   6.7478573E+00
    7.9640886E+00   9.1458798E+00   1.0433976E+01   1.1777313E+01   1.3276980E+01   1.4886502E+01   1.6505103E+01   1.8217451E+01
    1.9942724E+01   2.1841303E+01   2.3836832E+01   2.5929413E+01   2.8119081E+01   3.0405782E+01   3.2789348E+01   3.5269469E+01
    3.7845656E+01   4.0517200E+01   6.5512431E+10   3.0516361E+03   9.5880187E+01   2.3605861E+01   1.1395995E+01   9.1024339E+00
    1.0087883E+01   1.1283598E+01   1.3590570E+01   1.6431162E+01   1.9555970E+01   2.2982740E+01   2.6802138E+01   3.0624231E+01
    3.4771726E+01   3.9113022E+01   4.3907717E+01   4.9034693E+01   5.4280205E+01   5.9822205E+01   6.5490868E+01   7.1622725E+01
    7.8056574E+01   8.4791876E+01   9.1827760E+01   9.9162924E+01   1.0679550E+02   1.1472292E+02   1.2294168E+02   1.3144717E+02
    9.4952893E+10   5.9840154E+03   3.4724052E+02   1.2638470E+02   6.5677504E+01   4.8397101E+01   4.6923937E+01   4.8618492E+01
    5.4927283E+01   6.3528928E+01   7.3533941E+01   8.4635558E+01   9.6856822E+01   1.0993682E+02   1.2406337E+02   1.3918085E+02
    1.5538371E+02   1.7262153E+02   1.9071405E+02   2.0980457E+02   2.2974555E+02   2.5081936E+02   2.7288433E+02   2.9593445E+02
    3.1996189E+02   3.4495650E+02   3.7090501E+02   3.9779018E+02   4.2558965E+02   4.5427452E+02   1.2784900E+11   1.1503057E+04
    1.1389458E+03   5.5334507E+02   3.2922516E+02   2.4667053E+02   2.2275367E+02   2.2112594E+02   2.3731507E+02   2.6408632E+02
    2.9876452E+02   3.3798820E+02   3.8052289E+02   4.2967382E+02   4.8257005E+02   5.4058419E+02   6.0083161E+02   6.6462313E+02
    7.3337661E+02   8.0587518E+02   8.8269526E+02   9.6256559E+02   1.0460470E+03   1.1330972E+03   1.2236621E+03   1.3176728E+03
    1.4154269E+03   1.5167847E+03   1.6213072E+03   1.7288008E+03   1.4744158E+11   2.1880618E+04   3.3800337E+03   1.9911982E+03
    1.3149241E+03   1.0209741E+03   9.1764041E+02   9.1131063E+02   9.7066584E+02   1.0729065E+03   1.2081201E+03   1.3618267E+03
    1.5274490E+03   1.7234565E+03   1.9341450E+03   2.1669020E+03   2.4061975E+03   2.6591216E+03   2.9338273E+03   3.2233542E+03
    3.5314920E+03   3.8499888E+03   4.1824901E+03   4.5287140E+03   4.8882944E+03   5.2607523E+03   5.6454587E+03   6.0460774E+03
    6.4580585E+03   6.8794174E+03   1.1586256E+11   4.1148076E+04   9.0245713E+03   5.8222207E+03   4.1228461E+03   3.3708835E+03
    3.1631991E+03   3.2593592E+03   3.5539357E+03   3.9854869E+03   4.5257461E+03   5.1339498E+03   5.7910754E+03   6.5507754E+03
    7.3675127E+03   8.2625115E+03   9.1905010E+03   1.0171908E+04   1.1230875E+04   1.2346382E+04   1.3528566E+04   1.4753705E+04
    1.6031228E+04   1.7359253E+04   1.8735257E+04   2.0155839E+04   2.1618496E+04   2.3127506E+04   2.4663245E+04   2.6214233E+04
    4.0931250E+10   6.4042519E+04   1.7421541E+04   1.1651547E+04   8.9272205E+03   7.9113619E+03   7.9373358E+03   8.5828415E+03
    9.6492455E+03   1.1026596E+04   1.2663216E+04   1.4486978E+04   1.6464735E+04   1.8688186E+04   2.1078973E+04   2.3672958E+04
    2.6391079E+04   2.9267770E+04   3.2344391E+04   3.5582387E+04   3.8995662E+04   4.2542338E+04   4.6233053E+04   5.0058217E+04
    5.4004581E+04   5.8053800E+04   6.2191682E+04   6.6384960E+04   7.0573348E+04   7.4688916E+04   7.6165850E+09   7.8319414E+04
    2.3606044E+04   1.6488855E+04   1.4007280E+04   1.3615127E+04   1.4603929E+04   1.6487929E+04   1.9031378E+04   2.2102278E+04
    2.5637141E+04   2.9549579E+04   3.3799889E+04   3.8493844E+04   4.3539774E+04   4.8977841E+04   5.4713266E+04   6.0783776E+04
    6.7235020E+04   7.4015790E+04   8.1133597E+04   8.8530127E+04   9.6201188E+04   1.0411295E+05   1.1221752E+05   1.2044698E+05
    1.2872506E+05   1.3690409E+05   1.4478734E+05   1.5211179E+05   2.8399203E+09   1.1603258E+05   3.5021236E+04   2.5011399E+04
    2.2896832E+04   2.3803837E+04   2.6735986E+04   3.1042251E+04   3.6437662E+04   4.2754858E+04   4.9912880E+04   5.7808331E+04
    6.6393452E+04   7.5784979E+04   8.5877126E+04   9.6711527E+04   1.0817463E+05   1.2030179E+05   1.3313380E+05   1.4659618E+05
    1.6067244E+05   1.7526379E+05   1.9031365E+05   2.0570932E+05   2.2128765E+05   2.3681386E+05   2.5197585E+05   2.6626880E+05
    2.7902832E+05   2.8936894E+05   6.7463618E+09   2.8890587E+05   9.1146201E+04   6.6672223E+04   6.2639030E+04   6.7354550E+04
    7.7429001E+04   9.1202165E+04   1.0793757E+05   1.2725967E+05   1.4898818E+05   1.7291941E+05   1.9895793E+05   2.2728995E+05
    2.5771940E+05   2.9029675E+05   3.2479579E+05   3.6123229E+05   3.9960797E+05   4.3969427E+05   4.8130904E+05   5.2405779E+05
    5.6749673E+05   6.1091376E+05   6.5325589E+05   6.9300305E+05   7.2799233E+05   7.5524269E+05   7.7102564E+05   7.7115504E+05
    2.6022642E+10   1.2143151E+06   3.9931777E+05   3.0396315E+05   3.0395368E+05   3.4387779E+05   4.0715127E+05   4.8746671E+05
    5.8218633E+05   6.9007198E+05   8.1051059E+05   9.4292216E+05   1.0869743E+06   1.2428750E+06   1.4100034E+06   1.5881217E+06
    1.7762459E+06   1.9735935E+06   2.1788846E+06   2.3896521E+06   2.6023479E+06   2.8112535E+06   3.0078184E+06   3.1792168E+06
    3.3073303E+06   3.3688741E+06   3.3380433E+06   3.1940241E+06   2.9318507E+06   2.5710521E+06   4.0900853E+10   2.9834393E+06
    1.0181052E+06   8.1808493E+05   8.6523814E+05   1.0122626E+06   1.2201476E+06   1.4753400E+06   1.7723342E+06   2.1085439E+06
    2.4825850E+06   2.8932354E+06   3.3395355E+06   3.8209909E+06   4.3356756E+06   4.8814682E+06   5.4541494E+06   6.0479178E+06
    6.6532406E+06   7.2541356E+06   7.8254706E+06   8.3275697E+06   8.7026759E+06   8.8737114E+06   8.7549720E+06   8.2811019E+06
    7.4495657E+06   6.3481686E+06   5.1339586E+06   3.9694490E+06   4.4617488E+10   5.4694410E+06   1.9610710E+06   1.6681166E+06
    1.8387274E+06   2.1988185E+06   2.6812757E+06   3.2636835E+06   3.9369311E+06   4.6965963E+06   5.5400563E+06   6.4649033E+06
    7.4686400E+06   8.5484239E+06   9.6985288E+06   1.0910514E+07   1.2169565E+07   1.3451995E+07   1.4718212E+07   1.5902637E+07
    1.6901958E+07   1.7563715E+07   1.7692496E+07   1.7094091E+07   1.5672621E+07   1.3535855E+07   1.1004694E+07   8.4790085E+06
    6.2645262E+06   4.4963321E+06   4.1475136E+10   9.1022696E+06   3.4953602E+06   3.1578582E+06   3.6039911E+06   4.3860269E+06
    5.3994491E+06   6.6097032E+06   8.0024406E+06   9.5702833E+06   1.1308223E+07   1.3211092E+07   1.5272237E+07   1.7481879E+07
    1.9822679E+07   2.2266011E+07   2.4762117E+07   2.7226608E+07   2.9516970E+07   3.1402097E+07   3.2539214E+07   3.2495383E+07
    3.0879104E+07   2.7591945E+07   2.3038121E+07   1.8024140E+07   1.3359935E+07   9.5242850E+06   6.6260434E+06   4.5509701E+06
    3.4753408E+10   1.4242063E+07   5.9683386E+06   5.7159822E+06   6.7154047E+06   8.2927276E+06   1.0292939E+07   1.2664153E+07
    1.5384055E+07   1.8440194E+07   2.1822615E+07   2.5519377E+07   2.9512652E+07   3.3773133E+07   3.8249167E+07   4.2850562E+07
    4.7417741E+07   5.1673881E+07   5.5157881E+07   5.7169559E+07   5.6823083E+07   5.3358675E+07   4.6720022E+07   3.7941097E+07
    2.8748717E+07   2.0629617E+07   1.4270802E+07   9.6673224E+06   6.4881072E+06   4.3475862E+06   2.7408963E+10   2.1605821E+07
    1.0049739E+07   1.0159654E+07   1.2237265E+07   1.5306944E+07   1.9141225E+07   2.3662106E+07   2.8834419E+07   3.4636214E+07
    4.1046376E+07   4.8035492E+07   5.5555070E+07   6.3520041E+07   7.1776487E+07   8.0045468E+07   8.7825533E+07   9.4252828E+07
    9.7973127E+07   9.7234992E+07   9.0559146E+07   7.7989813E+07   6.1822063E+07   4.5519167E+07   3.1715082E+07   2.1340112E+07
    1.4101552E+07   9.2589517E+06   6.0854559E+06   4.0212107E+06   2.1260529E+10   3.2318389E+07   1.6861597E+07   1.7898527E+07
    2.2040437E+07   2.7892842E+07   3.5121506E+07   4.3608348E+07   5.3296583E+07   6.4145054E+07   7.6105815E+07   8.9103155E+07
    1.0300299E+08   1.1755845E+08   1.3230794E+08   1.4639369E+08   1.5827795E+08   1.6544730E+08   1.6451981E+08   1.5256076E+08
    1.2971736E+08   1.0069131E+08   7.2220469E+07   4.8946018E+07   3.2074151E+07   2.0689653E+07   1.3294488E+07   8.5706777E+06
    5.5658071E+06   3.6485886E+06   1.6795693E+10   4.8217779E+07   2.8279565E+07   3.1372467E+07   3.9416574E+07   5.0422995E+07
    6.3899825E+07   7.9666870E+07   9.7629057E+07   1.1770340E+08   1.3977445E+08   1.6364111E+08   1.8892656E+08   2.1490737E+08
    2.4019083E+08   2.6217181E+08   2.7637154E+08   2.7641200E+08   2.5637287E+08   2.1618285E+08   1.6491334E+08   1.1549842E+08
    7.6245380E+07   4.8689855E+07   3.0664111E+07   1.9279552E+07   1.2186764E+07   7.7738194E+06   5.0134119E+06   3.2712511E+06
    1.3728328E+10   7.2256697E+07   4.7472896E+07   5.4846255E+07   7.0205011E+07   9.0716163E+07   1.1565569E+08   1.4474521E+08
    1.7781699E+08   2.1469050E+08   2.5507411E+08   2.9841957E+08   3.4364822E+08   3.8861191E+08   4.2910862E+08   4.5749216E+08
    4.6207165E+08   4.3085653E+08   3.6218724E+08   2.7262510E+08   1.8688540E+08   1.2029242E+08   7.4872253E+07   4.6022021E+07
    2.8296087E+07   1.7524912E+07   1.0972420E+07   6.9561342E+06   4.4677929E+06   2.9071781E+06   1.1635411E+10   1.0888725E+08
    7.9677818E+07   9.5606402E+07   1.2453491E+08   1.6244670E+08   2.0827809E+08   2.6159047E+08   3.2206723E+08   3.8928815E+08
    4.6248958E+08   5.4014403E+08   6.1911137E+08   6.9297018E+08   7.4930358E+08   7.6750322E+08   7.2365824E+08   6.1030463E+08
    4.5561868E+08   3.0659938E+08   1.9262755E+08   1.1684995E+08   7.0056880E+07   4.2084439E+07   2.5513257E+07   1.5663390E+07
    9.7522287E+06   6.1600031E+06   3.9467535E+06   2.5638105E+06   1.0296103E+10   1.6201448E+08   1.3061299E+08   1.6213037E+08
    2.1452164E+08   2.8221028E+08   3.6366005E+08   4.5817187E+08   5.6512110E+08   6.8351643E+08   8.1139225E+08   9.4460916E+08
    1.0743514E+09   1.1824830E+09   1.2359582E+09   1.1901262E+09   1.0199949E+09   7.6465762E+08   5.0962665E+08   3.1405015E+08
    1.8604628E+08   1.0884490E+08   6.3859276E+07   3.7866429E+07   2.2774647E+07   1.3912606E+07   8.6343573E+06   5.4422702E+06
    3.4818346E+06   2.2595128E+06   1.0233145E+10   1.6543269E+08   1.3403910E+08   1.6667541E+08   2.2071423E+08   2.9048420E+08
    3.7441925E+08   4.7180228E+08   5.8198467E+08   7.0392812E+08   8.3556550E+08   9.7253241E+08   1.1055192E+09   1.2153831E+09
    1.2674211E+09   1.2154920E+09   1.0356839E+09   7.7139335E+08   5.1124575E+08   3.1380575E+08   1.8544243E+08   1.0833242E+08
    6.3503682E+07   3.7636125E+07   2.2628960E+07   1.3820840E+07   8.5762884E+06   5.4051976E+06   3.4579097E+06   2.2438929E+06
 DHe2 population
    7.7140827E+02   7.8765504E+02   1.1829425E+03   2.1405792E+03   4.5681245E+03   1.1224828E+04   3.0676694E+04   8.8911925E+04
    2.6544283E+05   7.8845003E+05   2.3083666E+06   6.4797280E+06   1.7415694E+07   4.3977307E+07   1.0548208E+08   2.4266422E+08
    5.4614894E+08   1.2240252E+09   2.7443728E+09   6.2955425E+09   1.5333815E+10   4.0270260E+10   1.0725941E+11   2.6871314E+11
    5.3979509E+11   8.7804168E+11   1.3417391E+12   2.3899542E+12   5.8667581E+12   1.0898117E+13   1.7219870E+13   2.6101823E+13
    3.8568461E+13   5.6426828E+13   8.2152590E+13   1.1924871E+14   1.7288328E+14   2.5043792E+14   3.5657700E+14   3.6327687E+14
